 > Model[[(0, 0, 0), (0, 0, 0, 12), 'n']] 38207.104
 > Model[[(0, 0, 0), (0, 1, 0, 12), 'n']] 20453.215
 > Model[[(0, 0, 0), (0, 0, 1, 12), 'n']] 34598.217
 > Model[[(0, 0, 0), (1, 0, 0, 12), 'n']] 22476.869
 > Model[[(0, 0, 0), (0, 0, 2, 12), 'n']] 36332.528
 > Model[[(0, 0, 0), (1, 1, 0, 12), 'n']] 20935.192
 > Model[[(0, 0, 0), (0, 1, 2, 12), 'n']] 20824.374
 > Model[[(0, 0, 0), (1, 0, 2, 12), 'n']] 23079.105
 > Model[[(0, 0, 0), (2, 0, 2, 12), 'n']] 23052.760
 > Model[[(0, 0, 0), (0, 0, 0, 12), 'c']] 32022.746
 > Model[[(0, 0, 0), (1, 1, 2, 12), 'n']] 19593.611
 > Model[[(0, 0, 0), (0, 0, 1, 12), 'c']] 30163.275
 > Model[[(0, 0, 0), (0, 1, 0, 12), 'c']] 19903.518
 > Model[[(0, 0, 0), (0, 0, 2, 12), 'c']] 27311.284
 > Model[[(0, 0, 0), (2, 1, 0, 12), 'n']] 20000.930
 > Model[[(0, 0, 0), (1, 0, 0, 12), 'c']] 26811.717
 > Model[[(0, 0, 0), (1, 0, 1, 12), 'c']] 28772.805
 > Model[[(0, 0, 0), (0, 1, 2, 12), 'c']] 20137.006
 > Model[[(0, 0, 0), (2, 1, 2, 12), 'n']] 19472.185
 > Model[[(0, 0, 0), (1, 1, 0, 12), 'c']] 19796.989
 > Model[[(0, 0, 0), (1, 0, 2, 12), 'c']] 26592.659
 > Model[[(0, 0, 0), (0, 1, 1, 12), 'c']] 19910.368
 > Model[[(0, 0, 0), (2, 0, 0, 12), 'c']] 28518.885
 > Model[[(0, 0, 0), (1, 1, 2, 12), 'c']] 19384.080
 > Model[[(0, 0, 0), (2, 1, 0, 12), 'c']] 19338.804
 > Model[[(0, 0, 0), (1, 1, 1, 12), 'c']] 18230.966
 > Model[[(0, 0, 0), (0, 0, 0, 12), 't']] 31337.109
 > Model[[(0, 0, 0), (0, 0, 1, 12), 't']] 29084.832
 > Model[[(0, 0, 0), (0, 0, 2, 12), 't']] 26361.031
 > Model[[(0, 0, 0), (0, 1, 0, 12), 't']] 20028.403
 > Model[[(0, 0, 0), (2, 0, 2, 12), 'c']] 25404.445
 > Model[[(0, 0, 0), (1, 0, 0, 12), 't']] 22595.574
 > Model[[(0, 0, 0), (2, 1, 2, 12), 'c']] 19164.257
 > Model[[(0, 0, 0), (0, 1, 1, 12), 't']] 20247.504
 > Model[[(0, 0, 0), (1, 0, 1, 12), 't']] 22555.720
 > Model[[(0, 0, 0), (1, 1, 0, 12), 't']] 21051.635
 > Model[[(0, 0, 0), (0, 1, 2, 12), 't']] 21541.386
 > Model[[(0, 0, 0), (1, 0, 2, 12), 't']] 23412.042
 > Model[[(0, 0, 0), (2, 0, 0, 12), 't']] 19333.406
 > Model[[(0, 0, 0), (1, 1, 1, 12), 't']] 18553.757
 > Model[[(0, 0, 0), (1, 1, 2, 12), 't']] 19740.244
 > Model[[(0, 0, 0), (2, 1, 0, 12), 't']] 20317.318
 > Model[[(0, 0, 0), (0, 0, 0, 12), 'ct']] 31536.582
 > Model[[(0, 0, 0), (0, 0, 1, 12), 'ct']] 30844.004
 > Model[[(0, 0, 0), (0, 1, 0, 12), 'ct']] 21154.051
 > Model[[(0, 0, 0), (2, 0, 2, 12), 't']] 24098.809
 > Model[[(0, 0, 0), (0, 0, 2, 12), 'ct']] 26606.629
 > Model[[(0, 0, 0), (2, 1, 2, 12), 't']] 19605.312
 > Model[[(0, 0, 0), (1, 0, 0, 12), 'ct']] 24329.100
 > Model[[(0, 0, 0), (1, 0, 1, 12), 'ct']] 27247.797
 > Model[[(0, 0, 0), (1, 1, 0, 12), 'ct']] 21097.838
 > Model[[(0, 0, 0), (0, 1, 1, 12), 'ct']] 23290.052
 > Model[[(0, 0, 0), (0, 1, 2, 12), 'ct']] 21012.851
 > Model[[(0, 0, 0), (1, 0, 2, 12), 'ct']] 25667.708
 > Model[[(0, 0, 0), (2, 0, 0, 12), 'ct']] 26387.031
 > Model[[(0, 0, 0), (1, 1, 1, 12), 'ct']] 21562.614
 > Model[[(0, 0, 0), (2, 1, 0, 12), 'ct']] 20311.533
 > Model[[(0, 0, 0), (1, 1, 2, 12), 'ct']] 19769.625
 > Model[[(0, 0, 1), (0, 0, 0, 12), 'n']] 29668.747
 > Model[[(0, 0, 1), (0, 0, 1, 12), 'n']] 95433.965
 > Model[[(0, 0, 1), (0, 1, 0, 12), 'n']] 19811.555
 > Model[[(0, 0, 1), (0, 0, 2, 12), 'n']] 24943.901
 > Model[[(0, 0, 0), (2, 0, 2, 12), 'ct']] 24277.493
 > Model[[(0, 0, 1), (1, 0, 0, 12), 'n']] 24036.375
 > Model[[(0, 0, 1), (0, 1, 2, 12), 'n']] 18771.737
 > Model[[(0, 0, 1), (1, 0, 1, 12), 'n']] 23254.705
 > Model[[(0, 0, 1), (1, 1, 0, 12), 'n']] 18969.119
 > Model[[(0, 0, 1), (1, 0, 2, 12), 'n']] 22526.303
 > Model[[(0, 0, 1), (0, 1, 1, 12), 'n']] 25139.369
 > Model[[(0, 0, 1), (1, 1, 2, 12), 'n']] 17135.138
 > Model[[(0, 0, 1), (1, 1, 1, 12), 'n']] 42149.476
 > Model[[(0, 0, 0), (2, 1, 2, 12), 'ct']] 19835.207
 > Model[[(0, 0, 1), (0, 0, 0, 12), 'c']] 27273.723
 > Model[[(0, 0, 1), (2, 1, 0, 12), 'n']] 16218.432
 > Model[[(0, 0, 1), (2, 0, 2, 12), 'n']] 22519.929
 > Model[[(0, 0, 1), (0, 0, 1, 12), 'c']] 27039.432
 > Model[[(0, 0, 1), (0, 1, 0, 12), 'c']] 19552.882
 > Model[[(0, 0, 1), (0, 0, 2, 12), 'c']] 24622.118
 > Model[[(0, 0, 1), (1, 0, 0, 12), 'c']] 26038.133
 > Model[[(0, 0, 1), (0, 1, 2, 12), 'c']] 18800.644
 > Model[[(0, 0, 1), (1, 0, 1, 12), 'c']] 25566.504
 > Model[[(0, 0, 1), (1, 1, 0, 12), 'c']] 18487.788
 > Model[[(0, 0, 1), (2, 1, 2, 12), 'n']] 17223.526
 > Model[[(0, 0, 1), (1, 0, 2, 12), 'c']] 23984.349
 > Model[[(0, 0, 1), (0, 1, 1, 12), 'c']] 26775.719
 > Model[[(0, 0, 1), (2, 0, 0, 12), 'c']] 24679.811
 > Model[[(0, 0, 1), (2, 0, 1, 12), 'c']] 28518.115
 > Model[[(0, 0, 1), (1, 1, 2, 12), 'c']] 16974.091
 > Model[[(0, 0, 1), (1, 1, 1, 12), 'c']] 46490.483
 > Model[[(0, 0, 1), (0, 0, 0, 12), 't']] 27119.484
 > Model[[(0, 0, 1), (2, 1, 0, 12), 'c']] 16178.334
 > Model[[(0, 0, 1), (0, 0, 1, 12), 't']] 27323.350
 > Model[[(0, 0, 1), (0, 1, 0, 12), 't']] 19734.375
 > Model[[(0, 0, 1), (0, 0, 2, 12), 't']] 24234.781
 > Model[[(0, 0, 1), (2, 1, 2, 12), 'c']] 16915.015
 > Model[[(0, 0, 1), (2, 0, 2, 12), 'c']] 24161.619
 > Model[[(0, 0, 1), (1, 0, 0, 12), 't']] 24397.213
 > Model[[(0, 0, 1), (0, 1, 2, 12), 't']] 19399.042
 > Model[[(0, 0, 1), (1, 0, 2, 12), 't']] 23806.482
 > Model[[(0, 0, 1), (1, 1, 0, 12), 't']] 18776.401
 > Model[[(0, 0, 1), (0, 1, 1, 12), 't']] 27207.013
 > Model[[(0, 0, 1), (2, 0, 0, 12), 't']] 20172.439
 > Model[[(0, 0, 1), (1, 1, 2, 12), 't']] 17978.491
 > Model[[(0, 0, 1), (1, 1, 1, 12), 't']] 25516.334
 > Model[[(0, 0, 1), (2, 0, 2, 12), 't']] 23819.024
 > Model[[(0, 0, 1), (2, 1, 0, 12), 't']] 16603.622
 > Model[[(0, 0, 1), (0, 0, 0, 12), 'ct']] 27016.297
 > Model[[(0, 0, 1), (0, 1, 0, 12), 'ct']] 20451.601
 > Model[[(0, 0, 1), (0, 0, 1, 12), 'ct']] 25836.989
 > Model[[(0, 0, 1), (0, 0, 2, 12), 'ct']] 24180.097
 > Model[[(0, 0, 1), (1, 0, 0, 12), 'ct']] 25819.736
 > Model[[(0, 0, 1), (1, 0, 1, 12), 'ct']] 25131.173
 > Model[[(0, 0, 1), (2, 1, 2, 12), 't']] 18002.879
 > Model[[(0, 0, 1), (0, 1, 2, 12), 'ct']] 18768.243
 > Model[[(0, 0, 1), (1, 0, 2, 12), 'ct']] 23969.087
 > Model[[(0, 0, 1), (1, 1, 0, 12), 'ct']] 18717.675
 > Model[[(0, 0, 1), (0, 1, 1, 12), 'ct']] 27822.543
 > Model[[(0, 0, 1), (2, 0, 1, 12), 'ct']] 22331.462
 > Model[[(0, 0, 1), (2, 0, 0, 12), 'ct']] 23118.229
 > Model[[(0, 0, 1), (1, 1, 1, 12), 'ct']] 3526773.968
 > Model[[(0, 0, 1), (2, 0, 2, 12), 'ct']] 24039.627
 > Model[[(0, 0, 2), (0, 0, 0, 12), 'n']] 29659.514
 > Model[[(0, 0, 2), (0, 0, 1, 12), 'n']] 30965.951
 > Model[[(0, 0, 1), (2, 1, 0, 12), 'ct']] 15971.328
 > Model[[(0, 0, 2), (0, 1, 0, 12), 'n']] 19698.793
 > Model[[(0, 0, 1), (1, 1, 2, 12), 'ct']] 17575.732
 > Model[[(0, 0, 2), (0, 0, 2, 12), 'n']] 24398.629
 > Model[[(0, 0, 2), (1, 0, 0, 12), 'n']] 24531.635
 > Model[[(0, 0, 2), (0, 1, 2, 12), 'n']] 17487.768
 > Model[[(0, 0, 2), (1, 0, 1, 12), 'n']] 21703.679
 > Model[[(0, 0, 2), (1, 1, 0, 12), 'n']] 17746.190
 > Model[[(0, 0, 1), (2, 1, 2, 12), 'ct']] 17490.871
 > Model[[(0, 0, 2), (0, 1, 1, 12), 'n']] 56001.621
 > Model[[(0, 0, 2), (1, 0, 2, 12), 'n']] 22684.443
 > Model[[(0, 0, 2), (2, 0, 0, 12), 'n']] 19611.969
 > Model[[(0, 0, 2), (2, 0, 1, 12), 'n']] 22596.754
 > Model[[(0, 0, 2), (1, 1, 2, 12), 'n']] 16230.797
 > Model[[(0, 0, 2), (0, 0, 0, 12), 'c']] 28213.744
 > Model[[(0, 0, 2), (2, 1, 0, 12), 'n']] 15793.132
 > Model[[(0, 0, 2), (0, 0, 1, 12), 'c']] 33780.196
 > Model[[(0, 0, 2), (0, 1, 0, 12), 'c']] 19658.975
 > Model[[(0, 0, 2), (2, 0, 2, 12), 'n']] 22604.366
 > Model[[(0, 0, 2), (0, 0, 2, 12), 'c']] 23168.195
 > Model[[(0, 0, 2), (1, 0, 0, 12), 'c']] 25281.088
 > Model[[(0, 0, 2), (0, 1, 2, 12), 'c']] 17779.453
 > Model[[(0, 0, 2), (1, 0, 1, 12), 'c']] 30442.394
 > Model[[(0, 0, 2), (1, 1, 0, 12), 'c']] 17705.949
 > Model[[(0, 0, 2), (2, 1, 2, 12), 'n']] 16002.373
 > Model[[(0, 0, 2), (1, 0, 2, 12), 'c']] 22804.343
 > Model[[(0, 0, 2), (2, 0, 1, 12), 'c']] 22437.925
 > Model[[(0, 0, 2), (0, 1, 1, 12), 'c']] 45475.831
 > Model[[(0, 0, 2), (2, 1, 0, 12), 'c']] 15970.215
 > Model[[(0, 0, 2), (1, 1, 2, 12), 'c']] 16242.964
 > Model[[(0, 0, 2), (2, 0, 2, 12), 'c']] 22216.571
 > Model[[(0, 0, 2), (1, 1, 1, 12), 'c']] 93344.169
 > Model[[(0, 0, 2), (0, 0, 0, 12), 't']] 27036.982
 > Model[[(0, 0, 2), (0, 0, 1, 12), 't']] 81957.671
 > Model[[(0, 0, 2), (0, 1, 0, 12), 't']] 20138.493
 > Model[[(0, 0, 2), (0, 0, 2, 12), 't']] 23502.957
 > Model[[(0, 0, 2), (1, 0, 0, 12), 't']] 25399.316
 > Model[[(0, 0, 2), (2, 1, 2, 12), 'c']] 16244.484
 > Model[[(0, 0, 2), (0, 1, 2, 12), 't']] 18341.457
 > Model[[(0, 0, 2), (1, 0, 1, 12), 't']] 23464.312
 > Model[[(0, 0, 2), (1, 0, 2, 12), 't']] 23719.121
 > Model[[(0, 0, 2), (1, 1, 0, 12), 't']] 17996.472
 > Model[[(0, 0, 2), (0, 1, 1, 12), 't']] 102593.361
 > Model[[(0, 0, 2), (2, 0, 1, 12), 't']] 23007.137
 > Model[[(0, 0, 2), (2, 0, 0, 12), 't']] 23280.559
 > Model[[(0, 0, 2), (1, 1, 1, 12), 't']] 95021.353
 > Model[[(0, 0, 2), (2, 1, 0, 12), 't']] 15821.372
 > Model[[(0, 0, 2), (0, 0, 0, 12), 'ct']] 27765.085
 > Model[[(0, 0, 2), (1, 1, 2, 12), 't']] 16731.960
 > Model[[(0, 0, 2), (2, 0, 2, 12), 't']] 23991.457
 > Model[[(0, 0, 2), (0, 0, 1, 12), 'ct']] 27118.792
 > Model[[(0, 0, 2), (0, 1, 0, 12), 'ct']] 20504.878
 > Model[[(0, 0, 2), (0, 0, 2, 12), 'ct']] 22824.934
 > Model[[(0, 0, 2), (1, 0, 0, 12), 'ct']] 25539.356
 > Model[[(0, 0, 2), (0, 1, 1, 12), 'ct']] 74334.547
 > Model[[(0, 0, 2), (0, 1, 2, 12), 'ct']] 17975.660
 > Model[[(0, 0, 2), (1, 1, 0, 12), 'ct']] 18182.096
 > Model[[(0, 0, 2), (1, 0, 2, 12), 'ct']] 23230.863
 > Model[[(0, 0, 2), (2, 1, 2, 12), 't']] 17156.441
 > Model[[(0, 0, 2), (2, 0, 0, 12), 'ct']] 23647.814
 > Model[[(0, 0, 2), (1, 1, 1, 12), 'ct']] 115836.908
 > Model[[(0, 0, 2), (2, 0, 2, 12), 'ct']] 22570.033
 > Model[[(0, 0, 2), (2, 1, 0, 12), 'ct']] 16684.712
 > Model[[(0, 1, 0), (0, 0, 0, 12), 'n']] 29147.103
 > Model[[(0, 1, 0), (0, 0, 1, 12), 'n']] 29277.692
 > Model[[(0, 1, 0), (0, 1, 0, 12), 'n']] 22989.626
 > Model[[(0, 1, 0), (0, 0, 2, 12), 'n']] 23783.842
 > Model[[(0, 1, 0), (0, 1, 2, 12), 'n']] 19578.593
 > Model[[(0, 1, 0), (1, 0, 0, 12), 'n']] 24703.604
 > Model[[(0, 1, 0), (1, 1, 0, 12), 'n']] 18958.191
 > Model[[(0, 1, 0), (1, 0, 2, 12), 'n']] 22344.645
 > Model[[(0, 1, 0), (2, 0, 0, 12), 'n']] 19546.454
 > Model[[(0, 0, 2), (1, 1, 2, 12), 'ct']] 16918.015
 > Model[[(0, 1, 0), (1, 1, 2, 12), 'n']] 17173.488
 > Model[[(0, 1, 0), (2, 0, 2, 12), 'n']] 21780.116
 > Model[[(0, 1, 0), (0, 0, 0, 12), 'c']] 29402.349
 > Model[[(0, 1, 0), (0, 0, 1, 12), 'c']] 28985.568
 > Model[[(0, 1, 0), (0, 1, 0, 12), 'c']] 23287.862
 > Model[[(0, 1, 0), (0, 0, 2, 12), 'c']] 23962.938
 > Model[[(0, 1, 0), (0, 1, 2, 12), 'c']] 19896.833
 > Model[[(0, 1, 0), (1, 0, 0, 12), 'c']] 24962.557
 > Model[[(0, 1, 0), (2, 1, 2, 12), 'n']] 17435.764
 > Model[[(0, 1, 0), (0, 1, 1, 12), 'c']] 23161.671
 > Model[[(0, 1, 0), (1, 1, 0, 12), 'c']] 19246.136
 > Model[[(0, 1, 0), (1, 0, 2, 12), 'c']] 22421.848
 > Model[[(0, 1, 0), (2, 0, 0, 12), 'c']] 20144.169
 > Model[[(0, 0, 2), (2, 1, 2, 12), 'ct']] 16472.207
 > Model[[(0, 1, 0), (1, 1, 1, 12), 'c']] 21246.722
 > Model[[(0, 1, 0), (2, 0, 1, 12), 'c']] 20868.678
 > Model[[(0, 1, 0), (1, 1, 2, 12), 'c']] 17440.802
 > Model[[(0, 1, 0), (2, 1, 0, 12), 'c']] 17054.171
 > Model[[(0, 1, 0), (0, 0, 0, 12), 't']] 29926.830
 > Model[[(0, 1, 0), (2, 0, 2, 12), 'c']] 22131.393
 > Model[[(0, 1, 0), (0, 0, 1, 12), 't']] 29371.577
 > Model[[(0, 1, 0), (0, 1, 0, 12), 't']] 23681.975
 > Model[[(0, 1, 0), (0, 0, 2, 12), 't']] 24299.524
 > Model[[(0, 1, 0), (1, 0, 0, 12), 't']] 25398.266
 > Model[[(0, 1, 0), (0, 1, 2, 12), 't']] 20151.184
 > Model[[(0, 1, 0), (0, 1, 1, 12), 't']] 23876.827
 > Model[[(0, 1, 0), (2, 1, 2, 12), 'c']] 17529.719
 > Model[[(0, 1, 0), (1, 0, 1, 12), 't']] 23865.035
 > Model[[(0, 1, 0), (1, 1, 0, 12), 't']] 19475.000
 > Model[[(0, 1, 0), (1, 0, 2, 12), 't']] 23106.298
 > Model[[(0, 1, 0), (2, 0, 0, 12), 't']] 20461.039
 > Model[[(0, 1, 0), (2, 0, 1, 12), 't']] 22970.725
 > Model[[(0, 1, 0), (1, 1, 1, 12), 't']] 22135.975
 > Model[[(0, 1, 0), (1, 1, 2, 12), 't']] 16604.435
 > Model[[(0, 1, 0), (2, 0, 2, 12), 't']] 22893.606
 > Model[[(0, 1, 0), (0, 0, 0, 12), 'ct']] 30209.608
 > Model[[(0, 1, 0), (2, 1, 0, 12), 't']] 17570.279
 > Model[[(0, 1, 0), (0, 0, 1, 12), 'ct']] 29589.351
 > Model[[(0, 1, 0), (0, 1, 0, 12), 'ct']] 23936.405
 > Model[[(0, 1, 0), (0, 0, 2, 12), 'ct']] 23864.857
 > Model[[(0, 1, 0), (1, 0, 0, 12), 'ct']] 26392.873
 > Model[[(0, 1, 0), (0, 1, 1, 12), 'ct']] 24384.643
 > Model[[(0, 1, 0), (0, 1, 2, 12), 'ct']] 20702.627
 > Model[[(0, 1, 0), (1, 0, 2, 12), 'ct']] 23004.663
 > Model[[(0, 1, 0), (1, 1, 0, 12), 'ct']] 19784.842
 > Model[[(0, 1, 0), (2, 0, 0, 12), 'ct']] 20535.934
 > Model[[(0, 1, 0), (2, 1, 2, 12), 't']] 17879.635
 > Model[[(0, 1, 0), (2, 0, 1, 12), 'ct']] 23161.668
 > Model[[(0, 1, 0), (1, 1, 1, 12), 'ct']] 22669.581
 > Model[[(0, 1, 0), (1, 1, 2, 12), 'ct']] 17932.518
 > Model[[(0, 1, 0), (2, 0, 2, 12), 'ct']] 23099.313
 > Model[[(0, 1, 1), (0, 0, 0, 12), 'n']] 33192.830
 > Model[[(0, 1, 0), (2, 1, 0, 12), 'ct']] 17829.148
 > Model[[(0, 1, 1), (0, 0, 1, 12), 'n']] 34169.940
 > Model[[(0, 1, 1), (0, 1, 0, 12), 'n']] 22591.475
 > Model[[(0, 1, 1), (0, 0, 2, 12), 'n']] 27106.102
 > Model[[(0, 1, 1), (0, 1, 2, 12), 'n']] 19867.611
 > Model[[(0, 1, 1), (1, 0, 0, 12), 'n']] 28954.391
 > Model[[(0, 1, 1), (1, 0, 1, 12), 'n']] 28747.279
 > Model[[(0, 1, 1), (0, 1, 1, 12), 'n']] 24504.914
 > Model[[(0, 1, 1), (1, 1, 0, 12), 'n']] 20160.378
 > Model[[(0, 1, 1), (1, 0, 2, 12), 'n']] 25174.329
 > Model[[(0, 1, 0), (2, 1, 2, 12), 'ct']] 18116.307
 > Model[[(0, 1, 1), (2, 0, 0, 12), 'n']] 24809.249
 > Model[[(0, 1, 1), (2, 0, 1, 12), 'n']] 28040.555
 > Model[[(0, 1, 1), (2, 1, 0, 12), 'n']] 17601.295
 > Model[[(0, 1, 1), (1, 1, 2, 12), 'n']] 18287.359
 > Model[[(0, 1, 1), (0, 0, 0, 12), 'c']] 33431.362
 > Model[[(0, 1, 1), (2, 0, 2, 12), 'n']] 24790.148
 > Model[[(0, 1, 1), (0, 0, 1, 12), 'c']] 33637.658
 > Model[[(0, 1, 1), (0, 1, 0, 12), 'c']] 23239.139
 > Model[[(0, 1, 1), (0, 0, 2, 12), 'c']] 27236.882
 > Model[[(0, 1, 1), (1, 0, 0, 12), 'c']] 29312.254
 > Model[[(0, 1, 1), (0, 1, 2, 12), 'c']] 20517.211
 > Model[[(0, 1, 1), (1, 1, 0, 12), 'c']] 20529.532
 > Model[[(0, 1, 1), (2, 1, 2, 12), 'n']] 18025.641
 > Model[[(0, 1, 1), (1, 0, 2, 12), 'c']] 23257.363
 > Model[[(0, 1, 1), (2, 0, 0, 12), 'c']] 25606.331
 > Model[[(0, 1, 1), (0, 1, 1, 12), 'c']] 22361.277
 > Model[[(0, 1, 1), (2, 1, 0, 12), 'c']] 18003.909
 > Model[[(0, 1, 1), (2, 0, 2, 12), 'c']] 24953.882
 > Model[[(0, 1, 1), (0, 0, 0, 12), 't']] 33871.440
 > Model[[(0, 1, 1), (1, 1, 2, 12), 'c']] 18565.702
 > Model[[(0, 1, 1), (0, 0, 1, 12), 't']] 35611.433
 > Model[[(0, 1, 1), (0, 1, 0, 12), 't']] 23387.752
 > Model[[(0, 1, 1), (0, 0, 2, 12), 't']] 27523.405
 > Model[[(0, 1, 1), (1, 0, 0, 12), 't']] 29795.295
 > Model[[(0, 1, 1), (1, 0, 1, 12), 't']] 28820.797
 > Model[[(0, 1, 1), (2, 1, 2, 12), 'c']] 18610.525
 > Model[[(0, 1, 1), (0, 1, 2, 12), 't']] 20538.547
 > Model[[(0, 1, 1), (0, 1, 1, 12), 't']] 23895.346
 > Model[[(0, 1, 1), (1, 1, 0, 12), 't']] 20661.993
 > Model[[(0, 1, 1), (2, 0, 0, 12), 't']] 24604.341
 > Model[[(0, 1, 1), (1, 0, 2, 12), 't']] 26110.926
 > Model[[(0, 1, 1), (2, 0, 1, 12), 't']] 25599.568
 > Model[[(0, 1, 1), (2, 0, 2, 12), 't']] 25545.820
 > Model[[(0, 1, 1), (2, 1, 0, 12), 't']] 18368.258
 > Model[[(0, 1, 1), (0, 0, 0, 12), 'ct']] 34076.431
 > Model[[(0, 1, 1), (1, 1, 2, 12), 't']] 18482.203
 > Model[[(0, 1, 1), (0, 0, 1, 12), 'ct']] 36353.889
 > Model[[(0, 1, 1), (0, 1, 0, 12), 'ct']] 23577.206
 > Model[[(0, 1, 1), (0, 0, 2, 12), 'ct']] 27684.696
 > Model[[(0, 1, 1), (1, 0, 0, 12), 'ct']] 30289.999
 > Model[[(0, 1, 1), (1, 0, 2, 12), 'ct']] 26798.165
 > Model[[(0, 1, 1), (0, 1, 2, 12), 'ct']] 21493.131
 > Model[[(0, 1, 1), (0, 1, 1, 12), 'ct']] 34810.224
 > Model[[(0, 1, 1), (1, 1, 0, 12), 'ct']] 21116.851
 > Model[[(0, 1, 1), (2, 0, 0, 12), 'ct']] 26675.567
 > Model[[(0, 1, 1), (2, 1, 2, 12), 't']] 19501.702
 > Model[[(0, 1, 1), (2, 1, 0, 12), 'ct']] 18909.037
 > Model[[(0, 1, 1), (2, 0, 2, 12), 'ct']] 25895.258
 > Model[[(0, 1, 1), (1, 1, 1, 12), 'ct']] 23506.539
 > Model[[(0, 1, 2), (0, 0, 0, 12), 'n']] 34497.376
 > Model[[(0, 1, 2), (0, 0, 1, 12), 'n']] 35954.363
 > Model[[(0, 1, 2), (0, 0, 2, 12), 'n']] 27528.621
 > Model[[(0, 1, 1), (1, 1, 2, 12), 'ct']] 18855.497
 > Model[[(0, 1, 2), (0, 1, 0, 12), 'n']] 22856.043
 > Model[[(0, 1, 2), (1, 0, 0, 12), 'n']] 29804.109
 > Model[[(0, 1, 2), (1, 0, 1, 12), 'n']] 30411.875
 > Model[[(0, 1, 2), (0, 1, 2, 12), 'n']] 19955.539
 > Model[[(0, 1, 2), (1, 1, 0, 12), 'n']] 19842.527
 > Model[[(0, 1, 2), (0, 1, 1, 12), 'n']] 22591.346
 > Model[[(0, 1, 2), (1, 0, 2, 12), 'n']] 25522.778
 > Model[[(0, 1, 2), (2, 0, 0, 12), 'n']] 24794.560
 > Model[[(0, 1, 1), (2, 1, 2, 12), 'ct']] 19515.352
 > Model[[(0, 1, 2), (2, 1, 0, 12), 'n']] 17743.254
 > Model[[(0, 1, 2), (1, 1, 2, 12), 'n']] 18221.222
 > Model[[(0, 1, 2), (1, 1, 1, 12), 'n']] 27184.668
 > Model[[(0, 1, 2), (2, 0, 2, 12), 'n']] 25020.681
 > Model[[(0, 1, 2), (0, 0, 0, 12), 'c']] 34243.084
 > Model[[(0, 1, 2), (0, 0, 1, 12), 'c']] 36406.039
 > Model[[(0, 1, 2), (0, 1, 0, 12), 'c']] 23689.008
 > Model[[(0, 1, 2), (0, 0, 2, 12), 'c']] 27275.082
 > Model[[(0, 1, 2), (1, 0, 0, 12), 'c']] 29882.795
 > Model[[(0, 1, 2), (1, 0, 1, 12), 'c']] 70845.911
 > Model[[(0, 1, 2), (0, 1, 2, 12), 'c']] 21133.668
 > Model[[(0, 1, 2), (1, 1, 0, 12), 'c']] 20793.993
 > Model[[(0, 1, 2), (2, 1, 2, 12), 'n']] 18396.719
 > Model[[(0, 1, 2), (0, 1, 1, 12), 'c']] 23256.289
 > Model[[(0, 1, 2), (2, 0, 0, 12), 'c']] 25776.939
 > Model[[(0, 1, 2), (1, 0, 2, 12), 'c']] 25881.751
 > Model[[(0, 1, 2), (2, 1, 0, 12), 'c']] 18352.369
 > Model[[(0, 1, 2), (1, 1, 2, 12), 'c']] 18653.903
 > Model[[(0, 1, 2), (0, 0, 0, 12), 't']] 34959.763
 > Model[[(0, 1, 2), (2, 0, 2, 12), 'c']] 25057.530
 > Model[[(0, 1, 2), (0, 0, 1, 12), 't']] 41280.840
 > Model[[(0, 1, 2), (0, 1, 0, 12), 't']] 23583.250
 > Model[[(0, 1, 2), (0, 0, 2, 12), 't']] 27567.446
 > Model[[(0, 1, 2), (1, 0, 0, 12), 't']] 30083.625
 > Model[[(0, 1, 2), (0, 1, 1, 12), 't']] 24834.928
 > Model[[(0, 1, 2), (1, 1, 0, 12), 't']] 20409.718
 > Model[[(0, 1, 2), (0, 1, 2, 12), 't']] 20063.797
 > Model[[(0, 1, 2), (1, 0, 2, 12), 't']] 25802.826
 > Model[[(0, 1, 2), (2, 1, 2, 12), 'c']] 18696.668
 > Model[[(0, 1, 2), (2, 0, 0, 12), 't']] 24696.939
 > Model[[(0, 1, 2), (2, 0, 1, 12), 't']] 25659.185
 > Model[[(0, 1, 2), (1, 1, 1, 12), 't']] 25938.767
 > Model[[(0, 1, 2), (2, 0, 2, 12), 't']] 25458.539
 > Model[[(0, 1, 2), (2, 1, 0, 12), 't']] 18409.849
 > Model[[(0, 1, 2), (0, 0, 0, 12), 'ct']] 34901.596
 > Model[[(0, 1, 2), (0, 0, 1, 12), 'ct']] 34382.169
 > Model[[(0, 1, 2), (0, 1, 0, 12), 'ct']] 25571.027
 > Model[[(0, 1, 2), (0, 0, 2, 12), 'ct']] 27788.552
 > Model[[(0, 1, 2), (1, 1, 2, 12), 't']] 18502.963
 > Model[[(0, 1, 2), (1, 0, 0, 12), 'ct']] 30791.282
 > Model[[(0, 1, 2), (0, 1, 1, 12), 'ct']] 26280.391
 > Model[[(0, 1, 2), (1, 1, 0, 12), 'ct']] 20913.948
 > Model[[(0, 1, 2), (1, 0, 2, 12), 'ct']] 26981.321
 > Model[[(0, 1, 2), (0, 1, 2, 12), 'ct']] 21770.371
 > Model[[(0, 1, 2), (2, 1, 2, 12), 't']] 19624.510
 > Model[[(0, 1, 2), (2, 0, 0, 12), 'ct']] 26771.239
 > Model[[(0, 1, 2), (1, 1, 1, 12), 'ct']] 29320.017
 > Model[[(0, 1, 2), (2, 1, 0, 12), 'ct']] 19255.013
 > Model[[(0, 1, 2), (2, 0, 2, 12), 'ct']] 25917.926
 > Model[[(1, 0, 0), (0, 0, 0, 12), 'n']] 28995.246
 > Model[[(1, 0, 0), (0, 0, 1, 12), 'n']] 29902.449
 > Model[[(1, 0, 0), (0, 0, 2, 12), 'n']] 23677.177
 > Model[[(1, 0, 0), (0, 1, 0, 12), 'n']] 20595.911
 > Model[[(0, 1, 2), (1, 1, 2, 12), 'ct']] 18869.541
 > Model[[(1, 0, 0), (0, 1, 2, 12), 'n']] 17891.586
 > Model[[(1, 0, 0), (1, 0, 0, 12), 'n']] 23983.930
 > Model[[(1, 0, 0), (1, 1, 0, 12), 'n']] 18301.843
 > Model[[(1, 0, 0), (0, 1, 1, 12), 'n']] 20728.015
 > Model[[(1, 0, 0), (1, 0, 2, 12), 'n']] 20389.854
 > Model[[(1, 0, 0), (2, 0, 1, 12), 'n']] 21257.472
 > Model[[(1, 0, 0), (2, 0, 0, 12), 'n']] 19123.267
 > Model[[(1, 0, 0), (1, 1, 2, 12), 'n']] 16540.462
 > Model[[(1, 0, 0), (2, 1, 0, 12), 'n']] 16279.755
 > Model[[(1, 0, 0), (0, 0, 0, 12), 'c']] 28424.301
 > Model[[(1, 0, 0), (0, 0, 1, 12), 'c']] 28451.185
 > Model[[(1, 0, 0), (0, 1, 0, 12), 'c']] 20353.767
 > Model[[(1, 0, 0), (0, 0, 2, 12), 'c']] 23393.104
 > Model[[(1, 0, 0), (2, 1, 2, 12), 'n']] 16382.487
 > Model[[(1, 0, 0), (0, 1, 2, 12), 'c']] 17788.359
 > Model[[(1, 0, 0), (1, 0, 0, 12), 'c']] 23772.336
 > Model[[(1, 0, 0), (1, 1, 0, 12), 'c']] 17931.361
 > Model[[(1, 0, 0), (1, 0, 2, 12), 'c']] 21465.374
 > Model[[(1, 0, 0), (0, 1, 1, 12), 'c']] 20508.331
 > Model[[(0, 1, 2), (2, 1, 2, 12), 'ct']] 20411.123
 > Model[[(1, 0, 0), (2, 0, 1, 12), 'c']] 21631.762
 > Model[[(1, 0, 0), (2, 0, 2, 12), 'c']] 22212.510
 > Model[[(1, 0, 0), (1, 1, 2, 12), 'c']] 16524.068
 > Model[[(1, 0, 0), (0, 0, 0, 12), 't']] 28239.968
 > Model[[(1, 0, 0), (0, 0, 1, 12), 't']] 28029.856
 > Model[[(1, 0, 0), (0, 1, 0, 12), 't']] 20933.941
 > Model[[(1, 0, 0), (0, 0, 2, 12), 't']] 23078.437
 > Model[[(1, 0, 0), (1, 0, 0, 12), 't']] 23092.518
 > Model[[(1, 0, 0), (2, 1, 2, 12), 'c']] 16417.680
 > Model[[(1, 0, 0), (0, 1, 1, 12), 't']] 21534.282
 > Model[[(1, 0, 0), (0, 1, 2, 12), 't']] 18290.281
 > Model[[(1, 0, 0), (1, 1, 0, 12), 't']] 18258.957
 > Model[[(1, 0, 0), (1, 0, 2, 12), 't']] 20613.327
 > Model[[(1, 0, 0), (2, 0, 0, 12), 't']] 20211.605
 > Model[[(1, 0, 0), (2, 0, 1, 12), 't']] 22502.176
 > Model[[(1, 0, 0), (1, 1, 2, 12), 't']] 16323.738
 > Model[[(1, 0, 0), (0, 0, 0, 12), 'ct']] 28770.376
 > Model[[(1, 0, 0), (0, 0, 1, 12), 'ct']] 28635.225
 > Model[[(1, 0, 0), (2, 1, 0, 12), 't']] 17166.667
 > Model[[(1, 0, 0), (0, 1, 0, 12), 'ct']] 21817.752
 > Model[[(1, 0, 0), (2, 0, 2, 12), 't']] 22021.313
 > Model[[(1, 0, 0), (0, 0, 2, 12), 'ct']] 23605.178
 > Model[[(1, 0, 0), (1, 0, 0, 12), 'ct']] 24270.255
 > Model[[(1, 0, 0), (1, 0, 1, 12), 'ct']] 23926.873
 > Model[[(1, 0, 0), (0, 1, 2, 12), 'ct']] 19359.769
 > Model[[(1, 0, 0), (0, 1, 1, 12), 'ct']] 23397.269
 > Model[[(1, 0, 0), (2, 1, 2, 12), 't']] 17103.869
 > Model[[(1, 0, 0), (1, 0, 2, 12), 'ct']] 22135.928
 > Model[[(1, 0, 0), (1, 1, 0, 12), 'ct']] 19044.327
 > Model[[(1, 0, 0), (2, 0, 1, 12), 'ct']] 20401.548
 > Model[[(1, 0, 0), (2, 0, 0, 12), 'ct']] 20821.448
 > Model[[(1, 0, 0), (2, 0, 2, 12), 'ct']] 22373.785
 > Model[[(1, 0, 0), (1, 1, 2, 12), 'ct']] 17297.333
 > Model[[(1, 0, 1), (0, 0, 0, 12), 'n']] 31964.980
 > Model[[(1, 0, 1), (0, 0, 1, 12), 'n']] 31564.169
 > Model[[(1, 0, 1), (0, 0, 2, 12), 'n']] 25204.322
 > Model[[(1, 0, 0), (2, 1, 0, 12), 'ct']] 17668.450
 > Model[[(1, 0, 1), (0, 1, 0, 12), 'n']] 20614.913
 > Model[[(1, 0, 1), (0, 1, 2, 12), 'n']] 18187.512
 > Model[[(1, 0, 1), (1, 0, 0, 12), 'n']] 26698.317
 > Model[[(1, 0, 1), (1, 1, 0, 12), 'n']] 18779.277
 > Model[[(1, 0, 0), (2, 1, 2, 12), 'ct']] 17616.836
 > Model[[(1, 0, 1), (0, 1, 1, 12), 'n']] 20715.980
 > Model[[(1, 0, 1), (1, 0, 2, 12), 'n']] 22601.613
 > Model[[(1, 0, 1), (1, 1, 1, 12), 'n']] 91202.420
 > Model[[(1, 0, 1), (2, 0, 1, 12), 'n']] 22610.565
 > Model[[(1, 0, 1), (1, 1, 2, 12), 'n']] 17141.909
 > Model[[(1, 0, 1), (2, 0, 2, 12), 'n']] 22579.165
 > Model[[(1, 0, 1), (0, 0, 0, 12), 'c']] 31324.880
 > Model[[(1, 0, 1), (0, 0, 1, 12), 'c']] 31036.477
 > Model[[(1, 0, 1), (0, 1, 0, 12), 'c']] 20445.047
 > Model[[(1, 0, 1), (0, 0, 2, 12), 'c']] 24833.074
 > Model[[(1, 0, 1), (2, 1, 0, 12), 'n']] 16671.643
 > Model[[(1, 0, 1), (1, 0, 0, 12), 'c']] 26434.576
 > Model[[(1, 0, 1), (2, 1, 2, 12), 'n']] 17030.974
 > Model[[(1, 0, 1), (0, 1, 2, 12), 'c']] 18363.096
 > Model[[(1, 0, 1), (1, 0, 1, 12), 'c']] 25555.835
 > Model[[(1, 0, 1), (1, 1, 0, 12), 'c']] 18548.249
 > Model[[(1, 0, 1), (1, 0, 2, 12), 'c']] 22513.025
 > Model[[(1, 0, 1), (0, 1, 1, 12), 'c']] 20566.542
 > Model[[(1, 0, 1), (2, 0, 1, 12), 'c']] 22394.484
 > Model[[(1, 0, 1), (1, 1, 2, 12), 'c']] 16972.273
 > Model[[(1, 0, 1), (2, 0, 2, 12), 'c']] 22165.336
 > Model[[(1, 0, 1), (2, 0, 0, 12), 'c']] 22740.263
 > Model[[(1, 0, 1), (0, 0, 0, 12), 't']] 30352.829
 > Model[[(1, 0, 1), (0, 0, 1, 12), 't']] 30310.588
 > Model[[(1, 0, 1), (2, 1, 0, 12), 'c']] 16824.256
 > Model[[(1, 0, 1), (0, 1, 0, 12), 't']] 21020.100
 > Model[[(1, 0, 1), (0, 0, 2, 12), 't']] 24299.766
 > Model[[(1, 0, 1), (1, 0, 0, 12), 't']] 26081.335
 > Model[[(1, 0, 1), (2, 1, 2, 12), 'c']] 16641.501
 > Model[[(1, 0, 1), (1, 0, 1, 12), 't']] 64247.474
 > Model[[(1, 0, 1), (0, 1, 2, 12), 't']] 18711.756
 > Model[[(1, 0, 1), (0, 1, 1, 12), 't']] 21827.035
 > Model[[(1, 0, 1), (1, 1, 0, 12), 't']] 18659.306
 > Model[[(1, 0, 1), (1, 0, 2, 12), 't']] 22625.886
 > Model[[(1, 0, 1), (2, 0, 0, 12), 't']] 20902.436
 > Model[[(1, 0, 1), (2, 0, 1, 12), 't']] 22234.653
 > Model[[(1, 0, 1), (2, 0, 2, 12), 't']] 22273.944
 > Model[[(1, 0, 1), (1, 1, 2, 12), 't']] 17218.860
 > Model[[(1, 0, 1), (0, 0, 0, 12), 'ct']] 30798.145
 > Model[[(1, 0, 1), (0, 0, 1, 12), 'ct']] 30413.823
 > Model[[(1, 0, 1), (0, 1, 0, 12), 'ct']] 21871.554
 > Model[[(1, 0, 1), (0, 0, 2, 12), 'ct']] 24655.959
 > Model[[(1, 0, 1), (2, 1, 0, 12), 't']] 17282.456
 > Model[[(1, 0, 1), (1, 0, 0, 12), 'ct']] 26984.685
 > Model[[(1, 0, 1), (1, 0, 2, 12), 'ct']] 23387.746
 > Model[[(1, 0, 1), (0, 1, 1, 12), 'ct']] 24096.799
 > Model[[(1, 0, 1), (2, 1, 2, 12), 't']] 17360.673
 > Model[[(1, 0, 1), (0, 1, 2, 12), 'ct']] 19619.112
 > Model[[(1, 0, 1), (1, 1, 0, 12), 'ct']] 19376.453
 > Model[[(1, 0, 1), (2, 0, 1, 12), 'ct']] 23155.277
 > Model[[(1, 0, 1), (1, 1, 1, 12), 'ct']] 90347.106
 > Model[[(1, 0, 1), (2, 0, 0, 12), 'ct']] 23447.759
 > Model[[(1, 0, 1), (2, 0, 2, 12), 'ct']] 22751.192
 > Model[[(1, 0, 2), (0, 0, 0, 12), 'n']] 32840.094
 > Model[[(1, 0, 2), (0, 0, 1, 12), 'n']] 32266.335
 > Model[[(1, 0, 1), (1, 1, 2, 12), 'ct']] 17706.399
 > Model[[(1, 0, 2), (0, 1, 0, 12), 'n']] 20945.789
 > Model[[(1, 0, 2), (0, 0, 2, 12), 'n']] 25743.089
 > Model[[(1, 0, 1), (2, 1, 0, 12), 'ct']] 18084.484
 > Model[[(1, 0, 2), (1, 0, 0, 12), 'n']] 27641.809
 > Model[[(1, 0, 2), (0, 1, 2, 12), 'n']] 18149.108
 > Model[[(1, 0, 2), (0, 1, 1, 12), 'n']] 28825.860
 > Model[[(1, 0, 2), (1, 1, 0, 12), 'n']] 18370.179
 > Model[[(1, 0, 2), (1, 0, 2, 12), 'n']] 23258.827
 > Model[[(1, 0, 1), (2, 1, 2, 12), 'ct']] 17987.903
 > Model[[(1, 0, 2), (2, 0, 1, 12), 'n']] 22914.606
 > Model[[(1, 0, 2), (2, 0, 0, 12), 'n']] 21180.047
 > Model[[(1, 0, 2), (1, 1, 2, 12), 'n']] 16811.716
 > Model[[(1, 0, 2), (2, 0, 2, 12), 'n']] 23033.357
 > Model[[(1, 0, 2), (0, 0, 0, 12), 'c']] 31864.162
 > Model[[(1, 0, 2), (2, 1, 0, 12), 'n']] 16419.663
 > Model[[(1, 0, 2), (0, 0, 1, 12), 'c']] 32251.845
 > Model[[(1, 0, 2), (0, 1, 0, 12), 'c']] 20875.695
 > Model[[(1, 0, 2), (0, 0, 2, 12), 'c']] 25027.179
 > Model[[(1, 0, 2), (1, 0, 0, 12), 'c']] 27514.115
 > Model[[(1, 0, 2), (2, 1, 2, 12), 'n']] 16892.999
 > Model[[(1, 0, 2), (1, 1, 0, 12), 'c']] 18227.677
 > Model[[(1, 0, 2), (0, 1, 1, 12), 'c']] 25163.612
 > Model[[(1, 0, 2), (0, 1, 2, 12), 'c']] 18303.311
 > Model[[(1, 0, 2), (1, 0, 2, 12), 'c']] 22748.108
 > Model[[(1, 0, 2), (2, 0, 1, 12), 'c']] 22540.611
 > Model[[(1, 0, 2), (2, 0, 0, 12), 'c']] 22670.587
 > Model[[(1, 0, 2), (1, 1, 2, 12), 'c']] 16872.806
 > Model[[(1, 0, 2), (0, 0, 0, 12), 't']] 31019.597
 > Model[[(1, 0, 2), (2, 1, 0, 12), 'c']] 16693.377
 > Model[[(1, 0, 2), (0, 0, 1, 12), 't']] 282441.018
 > Model[[(1, 0, 2), (2, 0, 2, 12), 'c']] 22316.170
 > Model[[(1, 0, 2), (0, 1, 0, 12), 't']] 21506.436
 > Model[[(1, 0, 2), (0, 0, 2, 12), 't']] 24765.316
 > Model[[(1, 0, 2), (1, 0, 0, 12), 't']] 26800.961
 > Model[[(1, 0, 2), (1, 0, 1, 12), 't']] 24928.168
 > Model[[(1, 0, 2), (2, 1, 2, 12), 'c']] 16704.044
 > Model[[(1, 0, 2), (0, 1, 1, 12), 't']] 24307.735
 > Model[[(1, 0, 2), (1, 1, 0, 12), 't']] 18424.825
 > Model[[(1, 0, 2), (1, 0, 2, 12), 't']] 23271.972
 > Model[[(1, 0, 2), (0, 1, 2, 12), 't']] 18711.213
 > Model[[(1, 0, 2), (2, 0, 1, 12), 't']] 22795.132
 > Model[[(1, 0, 2), (2, 0, 0, 12), 't']] 22786.598
 > Model[[(1, 0, 2), (2, 1, 0, 12), 't']] 17050.460
 > Model[[(1, 0, 2), (2, 0, 2, 12), 't']] 22783.133
 > Model[[(1, 0, 2), (0, 0, 0, 12), 'ct']] 31326.249
 > Model[[(1, 0, 2), (1, 1, 2, 12), 't']] 17170.817
 > Model[[(1, 0, 2), (0, 1, 0, 12), 'ct']] 22100.938
 > Model[[(1, 0, 2), (0, 0, 1, 12), 'ct']] 35331.910
 > Model[[(1, 0, 2), (0, 0, 2, 12), 'ct']] 24682.688
 > Model[[(1, 0, 2), (1, 0, 0, 12), 'ct']] 27070.385
 > Model[[(1, 0, 2), (1, 0, 1, 12), 'ct']] 26632.813
 > Model[[(1, 0, 2), (0, 1, 1, 12), 'ct']] 26244.356
 > Model[[(1, 0, 2), (0, 1, 2, 12), 'ct']] 19343.013
 > Model[[(1, 0, 2), (1, 0, 2, 12), 'ct']] 23211.199
 > Model[[(1, 0, 2), (1, 1, 0, 12), 'ct']] 18959.972
 > Model[[(1, 0, 2), (2, 1, 2, 12), 't']] 17448.741
 > Model[[(1, 0, 2), (2, 0, 1, 12), 'ct']] 22827.348
 > Model[[(1, 0, 2), (2, 0, 0, 12), 'ct']] 23163.359
 > Model[[(1, 1, 0), (0, 0, 0, 12), 'n']] 35005.864
 > Model[[(1, 1, 0), (0, 0, 1, 12), 'n']] 35268.537
 > Model[[(1, 0, 2), (2, 0, 2, 12), 'ct']] 22781.898
 > Model[[(1, 1, 0), (0, 1, 0, 12), 'n']] 23695.432
 > Model[[(1, 1, 0), (0, 0, 2, 12), 'n']] 28185.486
 > Model[[(1, 1, 0), (0, 1, 2, 12), 'n']] 20355.350
 > Model[[(1, 1, 0), (0, 1, 1, 12), 'n']] 23461.639
 > Model[[(1, 1, 0), (1, 0, 0, 12), 'n']] 31050.616
 > Model[[(1, 1, 0), (1, 0, 1, 12), 'n']] 29763.323
 > Model[[(1, 1, 0), (1, 1, 0, 12), 'n']] 20644.459
 > Model[[(1, 1, 0), (1, 0, 2, 12), 'n']] 26428.478
 > Model[[(1, 1, 0), (1, 1, 1, 12), 'n']] 21374.091
 > Model[[(1, 1, 0), (1, 1, 2, 12), 'n']] 18356.827
 > Model[[(1, 1, 0), (2, 0, 0, 12), 'n']] 24786.845
 > Model[[(1, 0, 2), (1, 1, 2, 12), 'ct']] 17579.845
 > Model[[(1, 1, 0), (2, 0, 1, 12), 'n']] 25671.809
 > Model[[(1, 1, 0), (2, 0, 2, 12), 'n']] 25618.137
 > Model[[(1, 1, 0), (2, 1, 0, 12), 'n']] 17956.532
 > Model[[(1, 1, 0), (0, 0, 0, 12), 'c']] 35206.229
 > Model[[(1, 1, 0), (0, 0, 1, 12), 'c']] 35424.102
 > Model[[(1, 1, 0), (0, 0, 2, 12), 'c']] 28266.359
 > Model[[(1, 1, 0), (0, 1, 0, 12), 'c']] 24121.405
 > Model[[(1, 1, 0), (2, 1, 2, 12), 'n']] 18592.180
 > Model[[(1, 0, 2), (2, 1, 2, 12), 'ct']] 17783.887
 > Model[[(1, 1, 0), (1, 0, 0, 12), 'c']] 31468.196
 > Model[[(1, 1, 0), (0, 1, 2, 12), 'c']] 20755.709
 > Model[[(1, 1, 0), (0, 1, 1, 12), 'c']] 23888.864
 > Model[[(1, 1, 0), (1, 1, 0, 12), 'c']] 21168.496
 > Model[[(1, 1, 0), (1, 0, 1, 12), 'c']] 29600.522
 > Model[[(1, 1, 0), (1, 0, 2, 12), 'c']] 26805.335
 > Model[[(1, 1, 0), (2, 0, 0, 12), 'c']] 26383.191
 > Model[[(1, 1, 0), (2, 0, 1, 12), 'c']] 25068.459
 > Model[[(1, 1, 0), (1, 1, 1, 12), 'c']] 21796.671
 > Model[[(1, 1, 0), (1, 1, 2, 12), 'c']] 18809.480
 > Model[[(1, 1, 0), (2, 0, 2, 12), 'c']] 25714.202
 > Model[[(1, 1, 0), (0, 0, 0, 12), 't']] 35691.612
 > Model[[(1, 1, 0), (2, 1, 0, 12), 'c']] 17987.221
 > Model[[(1, 1, 0), (0, 0, 1, 12), 't']] 35784.769
 > Model[[(1, 1, 0), (0, 1, 0, 12), 't']] 24640.383
 > Model[[(1, 1, 0), (0, 0, 2, 12), 't']] 28560.349
 > Model[[(1, 1, 0), (2, 1, 2, 12), 'c']] 18915.716
 > Model[[(1, 1, 0), (1, 0, 0, 12), 't']] 31847.627
 > Model[[(1, 1, 0), (0, 1, 2, 12), 't']] 20999.797
 > Model[[(1, 1, 0), (0, 1, 1, 12), 't']] 24874.457
 > Model[[(1, 1, 0), (1, 1, 0, 12), 't']] 21170.297
 > Model[[(1, 1, 0), (1, 0, 1, 12), 't']] 29756.548
 > Model[[(1, 1, 0), (1, 0, 2, 12), 't']] 26982.962
 > Model[[(1, 1, 0), (2, 0, 0, 12), 't']] 23764.393
 > Model[[(1, 1, 0), (2, 0, 1, 12), 't']] 26493.976
 > Model[[(1, 1, 0), (1, 1, 1, 12), 't']] 22925.192
 > Model[[(1, 1, 0), (2, 0, 2, 12), 't']] 26373.920
 > Model[[(1, 1, 0), (1, 1, 2, 12), 't']] 18891.951
 > Model[[(1, 1, 0), (0, 0, 0, 12), 'ct']] 35974.816
 > Model[[(1, 1, 0), (0, 0, 1, 12), 'ct']] 36021.497
 > Model[[(1, 1, 0), (2, 1, 0, 12), 't']] 18362.676
 > Model[[(1, 1, 0), (0, 1, 0, 12), 'ct']] 24988.371
 > Model[[(1, 1, 0), (0, 0, 2, 12), 'ct']] 28778.620
 > Model[[(1, 1, 0), (0, 1, 2, 12), 'ct']] 21741.188
 > Model[[(1, 1, 0), (0, 1, 1, 12), 'ct']] 25622.782
 > Model[[(1, 1, 0), (1, 0, 0, 12), 'ct']] 32555.616
 > Model[[(1, 1, 0), (2, 1, 2, 12), 't']] 19515.709
 > Model[[(1, 1, 0), (1, 0, 1, 12), 'ct']] 30726.142
 > Model[[(1, 1, 0), (1, 1, 0, 12), 'ct']] 20645.752
 > Model[[(1, 1, 0), (1, 0, 2, 12), 'ct']] 28262.742
 > Model[[(1, 1, 0), (2, 0, 0, 12), 'ct']] 27508.697
 > Model[[(1, 1, 0), (2, 0, 1, 12), 'ct']] 26940.890
 > Model[[(1, 1, 0), (1, 1, 1, 12), 'ct']] 23701.660
 > Model[[(1, 1, 0), (2, 0, 2, 12), 'ct']] 26598.800
 > Model[[(1, 1, 0), (1, 1, 2, 12), 'ct']] 19399.113
 > Model[[(1, 1, 1), (0, 0, 0, 12), 'n']] 34913.807
 > Model[[(1, 1, 1), (0, 0, 1, 12), 'n']] 34962.318
 > Model[[(1, 1, 0), (2, 1, 0, 12), 'ct']] 19357.586
 > Model[[(1, 1, 1), (0, 1, 0, 12), 'n']] 22116.127
 > Model[[(1, 1, 1), (0, 0, 2, 12), 'n']] 27427.379
 > Model[[(1, 1, 1), (0, 1, 2, 12), 'n']] 20393.950
 > Model[[(1, 1, 1), (0, 1, 1, 12), 'n']] 22737.213
 > Model[[(1, 1, 1), (1, 0, 0, 12), 'n']] 29600.274
 > Model[[(1, 1, 1), (1, 1, 0, 12), 'n']] 21200.101
 > Model[[(1, 1, 0), (2, 1, 2, 12), 'ct']] 20186.183
 > Model[[(1, 1, 1), (1, 0, 2, 12), 'n']] 25233.742
 > Model[[(1, 1, 1), (2, 0, 0, 12), 'n']] 24393.664
 > Model[[(1, 1, 1), (2, 0, 2, 12), 'n']] 24630.811
 > Model[[(1, 1, 1), (1, 1, 2, 12), 'n']] 18663.600
 > Model[[(1, 1, 1), (0, 0, 0, 12), 'c']] 35188.937
 > Model[[(1, 1, 1), (2, 1, 0, 12), 'n']] 17257.624
 > Model[[(1, 1, 1), (0, 1, 0, 12), 'c']] 23926.186
 > Model[[(1, 1, 1), (0, 0, 1, 12), 'c']] 35981.294
 > Model[[(1, 1, 1), (0, 0, 2, 12), 'c']] 27742.601
 > Model[[(1, 1, 1), (1, 0, 0, 12), 'c']] 30259.029
 > Model[[(1, 1, 1), (0, 1, 2, 12), 'c']] 21236.998
 > Model[[(1, 1, 1), (2, 1, 2, 12), 'n']] 18732.744
 > Model[[(1, 1, 1), (0, 1, 1, 12), 'c']] 23327.642
 > Model[[(1, 1, 1), (1, 1, 0, 12), 'c']] 21866.641
 > Model[[(1, 1, 1), (1, 0, 2, 12), 'c']] 26249.935
 > Model[[(1, 1, 1), (2, 0, 0, 12), 'c']] 26806.199
 > Model[[(1, 1, 1), (1, 1, 1, 12), 'c']] 33946.605
 > Model[[(1, 1, 1), (2, 0, 2, 12), 'c']] 25605.460
 > Model[[(1, 1, 1), (1, 1, 2, 12), 'c']] 19148.662
 > Model[[(1, 1, 1), (0, 0, 0, 12), 't']] 35652.631
 > Model[[(1, 1, 1), (0, 0, 1, 12), 't']] 34947.593
 > Model[[(1, 1, 1), (2, 1, 0, 12), 'c']] 18628.226
 > Model[[(1, 1, 1), (0, 1, 0, 12), 't']] 23827.906
 > Model[[(1, 1, 1), (0, 0, 2, 12), 't']] 27858.786
 > Model[[(1, 1, 1), (1, 0, 0, 12), 't']] 30117.002
 > Model[[(1, 1, 1), (0, 1, 1, 12), 't']] 24189.777
 > Model[[(1, 1, 1), (1, 0, 2, 12), 't']] 25719.423
 > Model[[(1, 1, 1), (2, 1, 2, 12), 'c']] 19236.830
 > Model[[(1, 1, 1), (1, 1, 0, 12), 't']] 21147.302
 > Model[[(1, 1, 1), (0, 1, 2, 12), 't']] 21924.553
 > Model[[(1, 1, 1), (2, 0, 0, 12), 't']] 21478.537
 > Model[[(1, 1, 1), (2, 0, 1, 12), 't']] 25888.524
 > Model[[(1, 1, 1), (2, 0, 2, 12), 't']] 25371.119
 > Model[[(1, 1, 1), (1, 1, 2, 12), 't']] 19381.076
 > Model[[(1, 1, 1), (0, 0, 0, 12), 'ct']] 35823.474
 > Model[[(1, 1, 1), (2, 1, 0, 12), 't']] 18994.333
 > Model[[(1, 1, 1), (0, 0, 1, 12), 'ct']] 35409.005
 > Model[[(1, 1, 1), (0, 1, 0, 12), 'ct']] 24661.033
 > Model[[(1, 1, 1), (0, 0, 2, 12), 'ct']] 28047.068
 > Model[[(1, 1, 1), (1, 0, 0, 12), 'ct']] 30815.847
 > Model[[(1, 1, 1), (0, 1, 1, 12), 'ct']] 25090.278
 > Model[[(1, 1, 1), (2, 1, 2, 12), 't']] 18765.227
 > Model[[(1, 1, 1), (1, 1, 0, 12), 'ct']] 21731.045
 > Model[[(1, 1, 1), (1, 0, 2, 12), 'ct']] 27047.735
 > Model[[(1, 1, 1), (0, 1, 2, 12), 'ct']] 22328.920
 > Model[[(1, 1, 1), (2, 0, 0, 12), 'ct']] 26177.656
 > Model[[(1, 1, 1), (2, 0, 2, 12), 'ct']] 25844.324
 > Model[[(1, 1, 2), (0, 0, 0, 12), 'n']] 35808.905
 > Model[[(1, 1, 1), (2, 1, 0, 12), 'ct']] 18959.275
 > Model[[(1, 1, 1), (1, 1, 2, 12), 'ct']] 19039.821
 > Model[[(1, 1, 2), (0, 0, 1, 12), 'n']] 60233.007
 > Model[[(1, 1, 2), (0, 1, 0, 12), 'n']] 22325.870
 > Model[[(1, 1, 2), (0, 0, 2, 12), 'n']] 28557.701
 > Model[[(1, 1, 2), (1, 0, 0, 12), 'n']] 30568.950
 > Model[[(1, 1, 2), (0, 1, 2, 12), 'n']] 21063.547
 > Model[[(1, 1, 2), (0, 1, 1, 12), 'n']] 30631.297
 > Model[[(1, 1, 2), (1, 1, 0, 12), 'n']] 19776.996
 > Model[[(1, 1, 1), (2, 1, 2, 12), 'ct']] 20090.103
 > Model[[(1, 1, 2), (2, 0, 0, 12), 'n']] 25518.975
 > Model[[(1, 1, 2), (1, 0, 2, 12), 'n']] 26089.907
 > Model[[(1, 1, 2), (2, 0, 1, 12), 'n']] 26464.924
 > Model[[(1, 1, 2), (2, 1, 0, 12), 'n']] 18101.602
 > Model[[(1, 1, 2), (0, 0, 0, 12), 'c']] 35254.233
 > Model[[(1, 1, 2), (1, 1, 2, 12), 'n']] 18275.542
 > Model[[(1, 1, 2), (0, 1, 0, 12), 'c']] 24037.248
 > Model[[(1, 1, 2), (0, 0, 1, 12), 'c']] 53791.957
 > Model[[(1, 1, 2), (0, 0, 2, 12), 'c']] 28189.507
 > Model[[(1, 1, 2), (1, 0, 0, 12), 'c']] 31195.820
 > Model[[(1, 1, 2), (2, 1, 2, 12), 'n']] 18550.715
 > Model[[(1, 1, 2), (0, 1, 2, 12), 'c']] 22031.828
 > Model[[(1, 1, 2), (0, 1, 1, 12), 'c']] 23753.605
 > Model[[(1, 1, 2), (1, 1, 0, 12), 'c']] 22301.836
 > Model[[(1, 1, 2), (1, 0, 2, 12), 'c']] 25943.274
 > Model[[(1, 1, 2), (1, 1, 1, 12), 'c']] 3952825.900
 > Model[[(1, 1, 2), (2, 0, 0, 12), 'c']] 24920.464
 > Model[[(1, 1, 2), (1, 1, 2, 12), 'c']] 19608.851
 > Model[[(1, 1, 2), (0, 0, 0, 12), 't']] 36034.051
 > Model[[(1, 1, 2), (0, 0, 1, 12), 't']] 37207.868
 > Model[[(1, 1, 2), (2, 1, 0, 12), 'c']] 20163.805
 > Model[[(1, 1, 2), (0, 1, 0, 12), 't']] 24042.180
 > Model[[(1, 1, 2), (2, 0, 2, 12), 'c']] 25002.836
 > Model[[(1, 1, 2), (0, 0, 2, 12), 't']] 28741.662
 > Model[[(1, 1, 2), (0, 1, 1, 12), 't']] 28382.889
 > Model[[(1, 1, 2), (1, 0, 0, 12), 't']] 31283.131
 > Model[[(1, 1, 2), (1, 0, 1, 12), 't']] 29945.804
 > Model[[(1, 1, 2), (2, 1, 2, 12), 'c']] 19498.900
 > Model[[(1, 1, 2), (1, 1, 0, 12), 't']] 22398.497
 > Model[[(1, 1, 2), (0, 1, 2, 12), 't']] 22297.338
 > Model[[(1, 1, 2), (2, 0, 0, 12), 't']] 25974.569
 > Model[[(1, 1, 2), (1, 0, 2, 12), 't']] 26065.789
 > Model[[(1, 1, 2), (2, 1, 0, 12), 't']] 19334.867
 > Model[[(1, 1, 2), (1, 1, 2, 12), 't']] 20428.073
 > Model[[(1, 1, 2), (0, 0, 0, 12), 'ct']] 36981.700
 > Model[[(1, 1, 2), (2, 0, 2, 12), 't']] 25752.243
 > Model[[(1, 1, 2), (0, 0, 1, 12), 'ct']] 72452.309
 > Model[[(1, 1, 2), (0, 1, 0, 12), 'ct']] 23511.781
 > Model[[(1, 1, 2), (0, 0, 2, 12), 'ct']] 29370.605
 > Model[[(1, 1, 2), (1, 0, 0, 12), 'ct']] 31881.257
 > Model[[(1, 1, 2), (0, 1, 1, 12), 'ct']] 28648.379
 > Model[[(1, 1, 2), (1, 1, 0, 12), 'ct']] 22761.219
 > Model[[(1, 1, 2), (2, 1, 2, 12), 't']] 20041.615
 > Model[[(1, 1, 2), (0, 1, 2, 12), 'ct']] 22452.984
 > Model[[(1, 1, 2), (1, 0, 2, 12), 'ct']] 27545.887
 > Model[[(1, 1, 2), (2, 0, 0, 12), 'ct']] 26473.531
 > Model[[(1, 1, 2), (2, 0, 1, 12), 'ct']] 29005.251
 > Model[[(1, 1, 2), (1, 1, 2, 12), 'ct']] 20250.817
 > Model[[(2, 0, 0), (0, 0, 0, 12), 'n']] 32954.340
 > Model[[(1, 1, 2), (2, 1, 0, 12), 'ct']] 20055.362
 > Model[[(2, 0, 0), (0, 0, 1, 12), 'n']] 33451.771
 > Model[[(2, 0, 0), (0, 1, 0, 12), 'n']] 20678.382
 > Model[[(2, 0, 0), (0, 0, 2, 12), 'n']] 25918.643
 > Model[[(1, 1, 2), (2, 0, 2, 12), 'ct']] 27189.031
 > Model[[(2, 0, 0), (1, 0, 0, 12), 'n']] 28396.466
 > Model[[(2, 0, 0), (0, 1, 2, 12), 'n']] 18450.716
 > Model[[(2, 0, 0), (1, 0, 1, 12), 'n']] 25044.657
 > Model[[(2, 0, 0), (1, 1, 0, 12), 'n']] 19084.049
 > Model[[(2, 0, 0), (0, 1, 1, 12), 'n']] 20771.944
 > Model[[(2, 0, 0), (1, 0, 2, 12), 'n']] 23448.934
 > Model[[(2, 0, 0), (2, 0, 0, 12), 'n']] 23027.032
 > Model[[(2, 0, 0), (2, 0, 2, 12), 'n']] 23087.846
 > Model[[(2, 0, 0), (1, 1, 2, 12), 'n']] 16785.769
 > Model[[(2, 0, 0), (0, 0, 0, 12), 'c']] 31389.373
 > Model[[(2, 0, 0), (0, 0, 1, 12), 'c']] 32299.657
 > Model[[(2, 0, 0), (2, 1, 0, 12), 'n']] 16836.686
 > Model[[(2, 0, 0), (0, 1, 0, 12), 'c']] 20553.008
 > Model[[(2, 0, 0), (0, 0, 2, 12), 'c']] 24699.499
 > Model[[(2, 0, 0), (2, 1, 2, 12), 'n']] 17278.467
 > Model[[(2, 0, 0), (1, 0, 0, 12), 'c']] 29034.035
 > Model[[(2, 0, 0), (0, 1, 2, 12), 'c']] 18862.588
 > Model[[(2, 0, 0), (1, 1, 0, 12), 'c']] 18840.639
 > Model[[(2, 0, 0), (1, 0, 2, 12), 'c']] 24138.652
 > Model[[(2, 0, 0), (0, 1, 1, 12), 'c']] 20662.970
 > Model[[(1, 1, 2), (2, 1, 2, 12), 'ct']] 20500.020
 > Model[[(2, 0, 0), (2, 0, 1, 12), 'c']] 23849.235
 > Model[[(2, 0, 0), (2, 0, 2, 12), 'c']] 23188.056
 > Model[[(2, 0, 0), (1, 1, 2, 12), 'c']] 16766.844
 > Model[[(2, 0, 0), (0, 0, 0, 12), 't']] 30983.914
 > Model[[(2, 0, 0), (0, 1, 0, 12), 't']] 21135.910
 > Model[[(2, 0, 0), (2, 1, 0, 12), 'c']] 16766.413
 > Model[[(2, 0, 0), (0, 0, 2, 12), 't']] 24552.133
 > Model[[(2, 0, 0), (2, 1, 2, 12), 'c']] 17087.512
 > Model[[(2, 0, 0), (1, 0, 0, 12), 't']] 28260.870
 > Model[[(2, 0, 0), (0, 1, 2, 12), 't']] 19156.088
 > Model[[(2, 0, 0), (1, 1, 0, 12), 't']] 19120.408
 > Model[[(2, 0, 0), (0, 1, 1, 12), 't']] 21764.900
 > Model[[(2, 0, 0), (1, 0, 2, 12), 't']] 23305.053
 > Model[[(2, 0, 0), (2, 0, 0, 12), 't']] 22671.804
 > Model[[(2, 0, 0), (2, 1, 0, 12), 't']] 17524.668
 > Model[[(2, 0, 0), (1, 1, 2, 12), 't']] 17372.512
 > Model[[(2, 0, 0), (2, 0, 2, 12), 't']] 22577.685
 > Model[[(2, 0, 0), (0, 0, 0, 12), 'ct']] 31368.510
 > Model[[(2, 0, 0), (0, 1, 0, 12), 'ct']] 21878.647
 > Model[[(2, 0, 0), (0, 0, 1, 12), 'ct']] 32159.742
 > Model[[(2, 0, 0), (0, 0, 2, 12), 'ct']] 24799.062
 > Model[[(2, 0, 0), (1, 0, 0, 12), 'ct']] 28766.599
 > Model[[(2, 0, 0), (0, 1, 2, 12), 'ct']] 19850.046
 > Model[[(2, 0, 0), (0, 1, 1, 12), 'ct']] 23646.671
 > Model[[(2, 0, 0), (1, 0, 2, 12), 'ct']] 23490.889
 > Model[[(2, 0, 0), (1, 1, 0, 12), 'ct']] 19622.204
 > Model[[(2, 0, 0), (2, 1, 2, 12), 't']] 17691.667
 > Model[[(2, 0, 0), (2, 0, 2, 12), 'ct']] 22802.449
 > Model[[(2, 0, 0), (2, 0, 0, 12), 'ct']] 23595.795
 > Model[[(2, 0, 1), (0, 0, 0, 12), 'n']] 33318.339
 > Model[[(2, 0, 1), (0, 0, 1, 12), 'n']] 33362.653
 > Model[[(2, 0, 0), (1, 1, 2, 12), 'ct']] 17830.224
 > Model[[(2, 0, 1), (0, 1, 0, 12), 'n']] 20562.900
 > Model[[(2, 0, 1), (0, 0, 2, 12), 'n']] 25928.645
 > Model[[(2, 0, 1), (1, 0, 0, 12), 'n']] 28072.703
 > Model[[(2, 0, 1), (1, 1, 0, 12), 'n']] 19667.670
 > Model[[(2, 0, 1), (0, 1, 2, 12), 'n']] 18436.019
 > Model[[(2, 0, 1), (1, 0, 2, 12), 'n']] 23457.002
 > Model[[(2, 0, 1), (2, 0, 1, 12), 'n']] 22957.100
 > Model[[(2, 0, 1), (2, 0, 0, 12), 'n']] 22851.116
 > Model[[(2, 0, 1), (1, 1, 2, 12), 'n']] 17972.777
 > Model[[(2, 0, 0), (2, 1, 2, 12), 'ct']] 18259.459
 > Model[[(2, 0, 1), (2, 0, 2, 12), 'n']] 22937.129
 > Model[[(2, 0, 1), (0, 0, 0, 12), 'c']] 31374.481
 > Model[[(2, 0, 1), (0, 0, 1, 12), 'c']] 30637.833
 > Model[[(2, 0, 1), (0, 1, 0, 12), 'c']] 20607.348
 > Model[[(2, 0, 1), (0, 0, 2, 12), 'c']] 24266.113
 > Model[[(2, 0, 1), (2, 1, 0, 12), 'n']] 17235.609
 > Model[[(2, 0, 1), (1, 0, 0, 12), 'c']] 28440.366
 > Model[[(2, 0, 1), (0, 1, 2, 12), 'c']] 19554.828
 > Model[[(2, 0, 1), (2, 1, 2, 12), 'n']] 18186.420
 > Model[[(2, 0, 1), (1, 0, 2, 12), 'c']] 24053.677
 > Model[[(2, 0, 1), (1, 1, 0, 12), 'c']] 18733.551
 > Model[[(2, 0, 1), (2, 0, 2, 12), 'c']] 23255.709
 > Model[[(2, 0, 1), (2, 0, 1, 12), 'c']] 31598.196
 > Model[[(2, 0, 1), (2, 0, 0, 12), 'c']] 24912.411
 > Model[[(2, 0, 1), (1, 1, 2, 12), 'c']] 17893.831
 > Model[[(2, 0, 1), (0, 0, 0, 12), 't']] 30664.281
 > Model[[(2, 0, 1), (0, 1, 0, 12), 't']] 22781.065
 > Model[[(2, 0, 1), (2, 1, 0, 12), 'c']] 17157.001
 > Model[[(2, 0, 1), (0, 0, 2, 12), 't']] 24179.150
 > Model[[(2, 0, 1), (2, 1, 2, 12), 'c']] 17824.172
 > Model[[(2, 0, 1), (1, 0, 0, 12), 't']] 27221.939
 > Model[[(2, 0, 1), (1, 1, 0, 12), 't']] 19576.998
 > Model[[(2, 0, 1), (0, 1, 2, 12), 't']] 20154.545
 > Model[[(2, 0, 1), (1, 0, 2, 12), 't']] 22764.063
 > Model[[(2, 0, 1), (2, 0, 0, 12), 't']] 22609.412
 > Model[[(2, 0, 1), (2, 0, 1, 12), 't']] 23409.989
 > Model[[(2, 0, 1), (1, 1, 2, 12), 't']] 17625.209
 > Model[[(2, 0, 1), (2, 0, 2, 12), 't']] 22164.131
 > Model[[(2, 0, 1), (0, 0, 0, 12), 'ct']] 31014.758
 > Model[[(2, 0, 1), (0, 0, 1, 12), 'ct']] 27572.052
 > Model[[(2, 0, 1), (0, 1, 0, 12), 'ct']] 21229.840
 > Model[[(2, 0, 1), (0, 0, 2, 12), 'ct']] 23805.316
 > Model[[(2, 0, 1), (2, 1, 0, 12), 't']] 17763.250
 > Model[[(2, 0, 1), (1, 0, 0, 12), 'ct']] 24774.533
 > Model[[(2, 0, 1), (2, 1, 2, 12), 't']] 20940.721
 > Model[[(2, 0, 1), (0, 1, 2, 12), 'ct']] 19486.433
 > Model[[(2, 0, 1), (1, 0, 2, 12), 'ct']] 22567.013
 > Model[[(2, 0, 1), (1, 1, 0, 12), 'ct']] 20628.682
 > Model[[(2, 0, 1), (2, 0, 2, 12), 'ct']] 22396.601
 > Model[[(2, 0, 2), (0, 0, 0, 12), 'n']] 33231.089
 > Model[[(2, 0, 2), (0, 0, 1, 12), 'n']] 32771.210
 > Model[[(2, 0, 1), (1, 1, 2, 12), 'ct']] 19117.185
 > Model[[(2, 0, 2), (0, 1, 0, 12), 'n']] 20938.550
 > Model[[(2, 0, 2), (0, 0, 2, 12), 'n']] 26070.266
 > Model[[(2, 0, 1), (2, 1, 0, 12), 'ct']] 17910.935
 > Model[[(2, 0, 2), (1, 0, 0, 12), 'n']] 28205.213
 > Model[[(2, 0, 2), (0, 1, 2, 12), 'n']] 18485.353
 > Model[[(2, 0, 1), (2, 1, 2, 12), 'ct']] 18496.138
 > Model[[(2, 0, 2), (1, 0, 1, 12), 'n']] 26710.053
 > Model[[(2, 0, 2), (1, 1, 0, 12), 'n']] 18705.375
 > Model[[(2, 0, 2), (0, 1, 1, 12), 'n']] 21665.892
 > Model[[(2, 0, 2), (1, 0, 2, 12), 'n']] 23561.593
 > Model[[(2, 0, 2), (2, 0, 0, 12), 'n']] 23209.017
 > Model[[(2, 0, 2), (2, 0, 1, 12), 'n']] 23302.351
 > Model[[(2, 0, 2), (1, 1, 2, 12), 'n']] 17153.891
 > Model[[(2, 0, 2), (2, 1, 0, 12), 'n']] 16943.637
 > Model[[(2, 0, 2), (0, 0, 0, 12), 'c']] 30453.633
 > Model[[(2, 0, 2), (0, 0, 1, 12), 'c']] 943429.734
 > Model[[(2, 0, 2), (2, 0, 2, 12), 'n']] 23307.867
 > Model[[(2, 0, 2), (0, 1, 0, 12), 'c']] 20873.524
 > Model[[(2, 0, 2), (1, 0, 0, 12), 'c']] 27451.897
 > Model[[(2, 0, 2), (0, 0, 2, 12), 'c']] 24284.110
 > Model[[(2, 0, 2), (1, 0, 1, 12), 'c']] 179762958.550
 > Model[[(2, 0, 2), (2, 1, 2, 12), 'n']] 17803.857
 > Model[[(2, 0, 2), (1, 1, 0, 12), 'c']] 18763.031
 > Model[[(2, 0, 2), (0, 1, 2, 12), 'c']] 18869.776
 > Model[[(2, 0, 2), (2, 0, 1, 12), 'c']] 23075.969
 > Model[[(2, 0, 2), (1, 0, 2, 12), 'c']] 23272.539
 > Model[[(2, 0, 2), (2, 1, 0, 12), 'c']] 16881.059
 > Model[[(2, 0, 2), (1, 1, 2, 12), 'c']] 17154.087
 > Model[[(2, 0, 2), (0, 0, 0, 12), 't']] 30054.021
 > Model[[(2, 0, 2), (0, 0, 1, 12), 't']] 31129.485
 > Model[[(2, 0, 2), (0, 1, 0, 12), 't']] 21509.139
 > Model[[(2, 0, 2), (2, 0, 2, 12), 'c']] 22448.729
 > Model[[(2, 0, 2), (2, 1, 2, 12), 'c']] 16929.515
 > Model[[(2, 0, 2), (0, 0, 2, 12), 't']] 25282.508
 > Model[[(2, 0, 2), (1, 0, 0, 12), 't']] 28413.334
 > Model[[(2, 0, 2), (0, 1, 1, 12), 't']] 23222.858
 > Model[[(2, 0, 2), (1, 1, 0, 12), 't']] 18765.638
 > Model[[(2, 0, 2), (0, 1, 2, 12), 't']] 19260.985
 > Model[[(2, 0, 2), (2, 0, 1, 12), 't']] 24773.959
 > Model[[(2, 0, 2), (1, 0, 2, 12), 't']] 23726.689
 > Model[[(2, 0, 2), (2, 0, 0, 12), 't']] 24407.923
 > Model[[(2, 0, 2), (1, 1, 2, 12), 't']] 17341.695
 > Model[[(2, 0, 2), (0, 0, 0, 12), 'ct']] 29010.664
 > Model[[(2, 0, 2), (0, 0, 1, 12), 'ct']] 29392.402
 > Model[[(2, 0, 2), (2, 1, 0, 12), 't']] 17250.349
 > Model[[(2, 0, 2), (0, 1, 0, 12), 'ct']] 22355.079
 > Model[[(2, 0, 2), (2, 0, 2, 12), 't']] 22784.047
 > Model[[(2, 0, 2), (0, 0, 2, 12), 'ct']] 23548.317
 > Model[[(2, 0, 2), (1, 0, 0, 12), 'ct']] 25947.341
 > Model[[(2, 0, 2), (1, 0, 1, 12), 'ct']] 109780.598
 > Model[[(2, 0, 2), (1, 1, 0, 12), 'ct']] 19647.800
 > Model[[(2, 0, 2), (2, 1, 2, 12), 't']] 17841.296
 > Model[[(2, 0, 2), (1, 0, 2, 12), 'ct']] 23289.877
 > Model[[(2, 0, 2), (0, 1, 2, 12), 'ct']] 19963.390
 > Model[[(2, 0, 2), (2, 0, 2, 12), 'ct']] 22620.681
 > Model[[(2, 1, 0), (0, 0, 0, 12), 'n']] 34428.334
 > Model[[(2, 0, 2), (2, 1, 0, 12), 'ct']] 19276.178
 > Model[[(2, 1, 0), (0, 0, 1, 12), 'n']] 35736.331
 > Model[[(2, 1, 0), (0, 1, 0, 12), 'n']] 23412.567
 > Model[[(2, 1, 0), (0, 0, 2, 12), 'n']] 27675.271
 > Model[[(2, 1, 0), (0, 1, 2, 12), 'n']] 20767.618
 > Model[[(2, 1, 0), (1, 0, 0, 12), 'n']] 30604.978
 > Model[[(2, 1, 0), (1, 0, 1, 12), 'n']] 29975.086
 > Model[[(2, 0, 2), (1, 1, 2, 12), 'ct']] 19236.096
 > Model[[(2, 1, 0), (0, 1, 1, 12), 'n']] 22977.261
 > Model[[(2, 1, 0), (1, 1, 0, 12), 'n']] 21067.964
 > Model[[(2, 1, 0), (1, 0, 2, 12), 'n']] 26419.577
 > Model[[(2, 1, 0), (2, 0, 0, 12), 'n']] 25661.507
 > Model[[(2, 1, 0), (2, 0, 1, 12), 'n']] 25749.608
 > Model[[(2, 1, 0), (1, 1, 2, 12), 'n']] 18706.546
 > Model[[(2, 1, 0), (2, 0, 2, 12), 'n']] 25633.993
 > Model[[(2, 1, 0), (2, 1, 0, 12), 'n']] 18322.301
 > Model[[(2, 1, 0), (0, 0, 0, 12), 'c']] 34581.893
 > Model[[(2, 1, 0), (0, 0, 1, 12), 'c']] 35888.923
 > Model[[(2, 1, 0), (0, 1, 0, 12), 'c']] 23894.305
 > Model[[(2, 1, 0), (0, 0, 2, 12), 'c']] 27740.106
 > Model[[(2, 1, 0), (0, 1, 2, 12), 'c']] 21228.805
 > Model[[(2, 1, 0), (2, 1, 2, 12), 'n']] 18691.401
 > Model[[(2, 1, 0), (1, 0, 0, 12), 'c']] 30947.530
 > Model[[(2, 1, 0), (1, 0, 1, 12), 'c']] 35966.602
 > Model[[(2, 1, 0), (0, 1, 1, 12), 'c']] 23378.468
 > Model[[(2, 1, 0), (1, 1, 0, 12), 'c']] 21665.001
 > Model[[(2, 1, 0), (1, 0, 2, 12), 'c']] 26897.017
 > Model[[(2, 1, 0), (2, 0, 0, 12), 'c']] 26467.354
 > Model[[(2, 1, 0), (2, 0, 1, 12), 'c']] 26016.386
 > Model[[(2, 0, 2), (2, 1, 2, 12), 'ct']] 18193.852
 > Model[[(2, 1, 0), (1, 1, 2, 12), 'c']] 19017.482
 > Model[[(2, 1, 0), (2, 0, 2, 12), 'c']] 25787.320
 > Model[[(2, 1, 0), (0, 0, 0, 12), 't']] 35039.522
 > Model[[(2, 1, 0), (2, 1, 0, 12), 'c']] 18771.277
 > Model[[(2, 1, 0), (0, 1, 0, 12), 't']] 24347.168
 > Model[[(2, 1, 0), (0, 0, 2, 12), 't']] 28046.604
 > Model[[(2, 1, 0), (1, 0, 0, 12), 't']] 33327.955
 > Model[[(2, 1, 0), (1, 0, 1, 12), 't']] 30331.087
 > Model[[(2, 1, 0), (0, 1, 2, 12), 't']] 21444.430
 > Model[[(2, 1, 0), (2, 1, 2, 12), 'c']] 19150.714
 > Model[[(2, 1, 0), (0, 1, 1, 12), 't']] 24312.990
 > Model[[(2, 1, 0), (1, 1, 0, 12), 't']] 21587.138
 > Model[[(2, 1, 0), (1, 0, 2, 12), 't']] 27583.059
 > Model[[(2, 1, 0), (2, 0, 0, 12), 't']] 26336.466
 > Model[[(2, 1, 0), (2, 0, 1, 12), 't']] 26498.489
 > Model[[(2, 1, 0), (1, 1, 1, 12), 't']] 19959.936
 > Model[[(2, 1, 0), (2, 0, 2, 12), 't']] 26387.748
 > Model[[(2, 1, 0), (1, 1, 2, 12), 't']] 18989.569
 > Model[[(2, 1, 0), (0, 0, 0, 12), 'ct']] 35346.374
 > Model[[(2, 1, 0), (0, 0, 1, 12), 'ct']] 36461.216
 > Model[[(2, 1, 0), (0, 1, 0, 12), 'ct']] 24624.424
 > Model[[(2, 1, 0), (0, 0, 2, 12), 'ct']] 28283.762
 > Model[[(2, 1, 0), (2, 1, 0, 12), 't']] 18863.432
 > Model[[(2, 1, 0), (1, 0, 0, 12), 'ct']] 32126.247
 > Model[[(2, 1, 0), (1, 0, 1, 12), 'ct']] 30746.336
 > Model[[(2, 1, 0), (0, 1, 2, 12), 'ct']] 22224.209
 > Model[[(2, 1, 0), (0, 1, 1, 12), 'ct']] 25097.754
 > Model[[(2, 1, 0), (1, 0, 2, 12), 'ct']] 28456.129
 > Model[[(2, 1, 0), (2, 1, 2, 12), 't']] 20200.330
 > Model[[(2, 1, 0), (1, 1, 0, 12), 'ct']] 22096.978
 > Model[[(2, 1, 0), (2, 0, 0, 12), 'ct']] 27684.044
 > Model[[(2, 1, 0), (2, 0, 1, 12), 'ct']] 27003.027
 > Model[[(2, 1, 0), (1, 1, 1, 12), 'ct']] 21887.952
 > Model[[(2, 1, 0), (2, 0, 2, 12), 'ct']] 26810.982
 > Model[[(2, 1, 0), (1, 1, 2, 12), 'ct']] 19588.948
 > Model[[(2, 1, 1), (0, 0, 0, 12), 'n']] 32285.248
 > Model[[(2, 1, 0), (2, 1, 0, 12), 'ct']] 19541.679
 > Model[[(2, 1, 1), (0, 0, 1, 12), 'n']] 32970.411
 > Model[[(2, 1, 1), (0, 1, 0, 12), 'n']] 22451.051
 > Model[[(2, 1, 1), (0, 0, 2, 12), 'n']] 26740.883
 > Model[[(2, 1, 1), (1, 0, 0, 12), 'n']] 28985.656
 > Model[[(2, 1, 1), (0, 1, 2, 12), 'n']] 19611.899
 > Model[[(2, 1, 1), (1, 1, 0, 12), 'n']] 19754.498
 > Model[[(2, 1, 1), (0, 1, 1, 12), 'n']] 22528.140
 > Model[[(2, 1, 1), (1, 0, 2, 12), 'n']] 24319.448
 > Model[[(2, 1, 1), (2, 0, 0, 12), 'n']] 23789.032
 > Model[[(2, 1, 1), (1, 1, 2, 12), 'n']] 18155.516
 > Model[[(2, 1, 0), (2, 1, 2, 12), 'ct']] 20289.460
 > Model[[(2, 1, 1), (2, 0, 1, 12), 'n']] 23974.357
 > Model[[(2, 1, 1), (2, 0, 2, 12), 'n']] 23943.993
 > Model[[(2, 1, 1), (2, 1, 0, 12), 'n']] 18070.040
 > Model[[(2, 1, 1), (0, 0, 0, 12), 'c']] 34489.244
 > Model[[(2, 1, 1), (0, 1, 0, 12), 'c']] 23809.717
 > Model[[(2, 1, 1), (0, 0, 2, 12), 'c']] 27508.416
 > Model[[(2, 1, 1), (2, 1, 1, 12), 'n']] 18374.648
 > Model[[(2, 1, 1), (1, 0, 0, 12), 'c']] 29688.293
 > Model[[(2, 1, 1), (2, 1, 2, 12), 'n']] 18344.296
 > Model[[(2, 1, 1), (0, 1, 2, 12), 'c']] 21385.597
 > Model[[(2, 1, 1), (1, 1, 0, 12), 'c']] 21772.934
 > Model[[(2, 1, 1), (0, 1, 1, 12), 'c']] 20805.717
 > Model[[(2, 1, 1), (1, 0, 2, 12), 'c']] 25552.765
 > Model[[(2, 1, 1), (2, 0, 0, 12), 'c']] 24337.476
 > Model[[(2, 1, 1), (1, 1, 2, 12), 'c']] 19166.295
 > Model[[(2, 1, 1), (2, 0, 1, 12), 'c']] 24322.477
 > Model[[(2, 1, 1), (2, 0, 2, 12), 'c']] 24078.444
 > Model[[(2, 1, 1), (0, 0, 0, 12), 't']] 32240.293
 > Model[[(2, 1, 1), (2, 1, 0, 12), 'c']] 19356.359
 > Model[[(2, 1, 1), (0, 1, 0, 12), 't']] 25453.638
 > Model[[(2, 1, 1), (0, 0, 2, 12), 't']] 28416.641
 > Model[[(2, 1, 1), (1, 0, 0, 12), 't']] 30020.197
 > Model[[(2, 1, 1), (2, 1, 2, 12), 'c']] 19148.712
 > Model[[(2, 1, 1), (0, 1, 1, 12), 't']] 20892.586
 > Model[[(2, 1, 1), (0, 1, 2, 12), 't']] 22136.595
 > Model[[(2, 1, 1), (1, 1, 0, 12), 't']] 22781.479
 > Model[[(2, 1, 1), (1, 0, 2, 12), 't']] 25594.054
 > Model[[(2, 1, 1), (2, 0, 0, 12), 't']] 25592.059
 > Model[[(2, 1, 1), (2, 0, 1, 12), 't']] 25985.819
 > Model[[(2, 1, 1), (2, 0, 2, 12), 't']] 25615.987
 > Model[[(2, 1, 1), (1, 1, 2, 12), 't']] 20837.682
 > Model[[(2, 1, 1), (0, 0, 0, 12), 'ct']] 37060.859
 > Model[[(2, 1, 1), (2, 1, 0, 12), 't']] 20215.432
 > Model[[(2, 1, 1), (0, 1, 0, 12), 'ct']] 25961.758
 > Model[[(2, 1, 1), (0, 0, 2, 12), 'ct']] 28844.746
 > Model[[(2, 1, 1), (1, 0, 0, 12), 'ct']] 31855.966
 > Model[[(2, 1, 1), (0, 1, 2, 12), 'ct']] 22739.825
 > Model[[(2, 1, 1), (0, 1, 1, 12), 'ct']] 59055.809
 > Model[[(2, 1, 1), (2, 1, 2, 12), 't']] 19418.625
 > Model[[(2, 1, 1), (1, 0, 2, 12), 'ct']] 26126.460
 > Model[[(2, 1, 1), (1, 1, 0, 12), 'ct']] 23448.454
 > Model[[(2, 1, 1), (2, 0, 0, 12), 'ct']] 26661.288
 > Model[[(2, 1, 1), (2, 0, 1, 12), 'ct']] 26051.883
 > Model[[(2, 1, 1), (2, 0, 2, 12), 'ct']] 26573.894
 > Model[[(2, 1, 1), (1, 1, 2, 12), 'ct']] 20848.337
 > Model[[(2, 1, 2), (0, 0, 0, 12), 'n']] 33288.638
 > Model[[(2, 1, 2), (0, 0, 1, 12), 'n']] 33951.872
 > Model[[(2, 1, 1), (2, 1, 0, 12), 'ct']] 20055.443
 > Model[[(2, 1, 2), (0, 1, 0, 12), 'n']] 21869.753
 > Model[[(2, 1, 2), (0, 0, 2, 12), 'n']] 27008.339
 > Model[[(2, 1, 2), (1, 0, 0, 12), 'n']] 28735.583
 > Model[[(2, 1, 2), (0, 1, 1, 12), 'n']] 25524.030
 > Model[[(2, 1, 1), (2, 1, 2, 12), 'ct']] 21612.536
 > Model[[(2, 1, 2), (0, 1, 2, 12), 'n']] 21052.080
 > Model[[(2, 1, 2), (1, 1, 0, 12), 'n']] 20847.034
 > Model[[(2, 1, 2), (1, 0, 2, 12), 'n']] 24137.085
 > Model[[(2, 1, 2), (2, 0, 0, 12), 'n']] 23724.664
 > Model[[(2, 1, 2), (2, 0, 1, 12), 'n']] 23956.619
 > Model[[(2, 1, 2), (1, 1, 2, 12), 'n']] 19510.821
 > Model[[(2, 1, 2), (2, 0, 2, 12), 'n']] 24005.316
 > Model[[(2, 1, 2), (0, 0, 0, 12), 'c']] 33556.622
 > Model[[(2, 1, 2), (0, 0, 1, 12), 'c']] 48587.092
 > Model[[(2, 1, 2), (2, 1, 0, 12), 'n']] 19463.142
 > Model[[(2, 1, 2), (0, 1, 0, 12), 'c']] 23414.925
 > Model[[(2, 1, 2), (1, 0, 0, 12), 'c']] 29732.561
 > Model[[(2, 1, 2), (0, 0, 2, 12), 'c']] 23917.301
 > Model[[(2, 1, 2), (2, 1, 2, 12), 'n']] 19877.581
 > Model[[(2, 1, 2), (0, 1, 2, 12), 'c']] 22337.180
 > Model[[(2, 1, 2), (1, 1, 0, 12), 'c']] 20806.880
 > Model[[(2, 1, 2), (1, 0, 2, 12), 'c']] 26324.414
 > Model[[(2, 1, 2), (2, 0, 0, 12), 'c']] 25459.955
 > Model[[(2, 1, 2), (2, 0, 1, 12), 'c']] 24114.390
 > Model[[(2, 1, 2), (1, 1, 2, 12), 'c']] 19461.412
 > Model[[(2, 1, 2), (0, 0, 0, 12), 't']] 36749.252
 > Model[[(2, 1, 2), (2, 1, 0, 12), 'c']] 20289.238
 > Model[[(2, 1, 2), (0, 1, 0, 12), 't']] 24649.794
 > Model[[(2, 1, 2), (2, 0, 2, 12), 'c']] 28262.005
 > Model[[(2, 1, 2), (0, 0, 2, 12), 't']] 28621.408
 > Model[[(2, 1, 2), (2, 1, 2, 12), 'c']] 19260.140
 > Model[[(2, 1, 2), (1, 1, 0, 12), 't']] 22270.953
 > Model[[(2, 1, 2), (0, 1, 2, 12), 't']] 22174.963
 > Model[[(2, 1, 2), (2, 0, 0, 12), 't']] 24235.656
 > Model[[(2, 1, 2), (2, 0, 1, 12), 't']] 25828.432
 > Model[[(2, 1, 2), (1, 1, 2, 12), 't']] 21067.558
 > Model[[(2, 1, 2), (2, 0, 2, 12), 't']] 27110.849
 > Model[[(2, 1, 2), (2, 1, 0, 12), 't']] 20585.233
 > Model[[(2, 1, 2), (0, 0, 0, 12), 'ct']] 37477.133
 > Model[[(2, 1, 2), (0, 1, 0, 12), 'ct']] 25228.710
 > Model[[(2, 1, 2), (1, 0, 0, 12), 'ct']] 30305.011
 > Model[[(2, 1, 2), (0, 0, 2, 12), 'ct']] 29391.164
 > Model[[(2, 1, 2), (2, 1, 2, 12), 't']] 20846.656
 > Model[[(2, 1, 2), (1, 1, 0, 12), 'ct']] 21714.034
 > Model[[(2, 1, 2), (0, 1, 2, 12), 'ct']] 22815.491
 > Model[[(2, 1, 2), (1, 0, 2, 12), 'ct']] 27291.955
 > Model[[(2, 1, 2), (2, 0, 0, 12), 'ct']] 25971.087
 > Model[[(2, 1, 2), (2, 0, 1, 12), 'ct']] 27563.357
 > Model[[(2, 1, 2), (1, 1, 2, 12), 'ct']] 20823.807
 > Model[[(2, 1, 2), (2, 1, 0, 12), 'ct']] 19513.720
 > Model[[(2, 1, 2), (2, 0, 2, 12), 'ct']] 26646.739
 > Model[[(2, 1, 2), (2, 1, 2, 12), 'ct']] 19850.253
done
[(0, 0, 2), (2, 1, 0, 12), 'n'] 15793.131870468767
[(0, 0, 2), (2, 1, 0, 12), 't'] 15821.371892298972
[(0, 0, 2), (2, 1, 0, 12), 'c'] 15970.214651342152
