 > Model[[(0, 0, 0), (0, 0, 0, 12), 'n']] 4.510
 > Model[[(0, 0, 0), (0, 1, 0, 12), 'n']] 0.392
 > Model[[(0, 0, 0), (0, 0, 1, 12), 'n']] 3.522
 > Model[[(0, 0, 0), (1, 0, 0, 12), 'n']] 0.376
 > Model[[(0, 0, 0), (0, 1, 1, 12), 'n']] 0.385
 > Model[[(0, 0, 0), (1, 0, 1, 12), 'n']] 0.366
 > Model[[(0, 0, 0), (1, 1, 0, 12), 'n']] 0.445
 > Model[[(0, 0, 0), (0, 0, 2, 12), 'n']] 3.812
 > Model[[(0, 0, 0), (1, 0, 2, 12), 'n']] 1.627
 > Model[[(0, 0, 0), (2, 0, 0, 12), 'n']] 0.422
 > Model[[(0, 0, 0), (1, 1, 1, 12), 'n']] 0.564
 > Model[[(0, 0, 0), (2, 1, 0, 12), 'n']] 0.644
 > Model[[(0, 0, 0), (2, 0, 1, 12), 'n']] 0.400
 > Model[[(0, 0, 0), (0, 0, 0, 12), 'c']] 0.813
 > Model[[(0, 0, 0), (2, 0, 2, 12), 'n']] 0.496
 > Model[[(0, 0, 0), (0, 0, 1, 12), 'c']] 0.706
 > Model[[(0, 0, 0), (0, 1, 0, 12), 'c']] 0.594
 > Model[[(0, 0, 0), (0, 1, 1, 12), 'c']] 0.509
 > Model[[(0, 0, 0), (1, 0, 0, 12), 'c']] 0.324
 > Model[[(0, 0, 0), (2, 1, 1, 12), 'n']] 0.636
 > Model[[(0, 0, 0), (1, 0, 1, 12), 'c']] 0.289
 > Model[[(0, 0, 0), (0, 0, 2, 12), 'c']] 0.677
 > Model[[(0, 0, 0), (1, 1, 0, 12), 'c']] 0.656
 > Model[[(0, 0, 0), (0, 1, 2, 12), 'c']] 0.466
 > Model[[(0, 0, 0), (1, 1, 1, 12), 'c']] 0.516
 > Model[[(0, 0, 0), (2, 0, 0, 12), 'c']] 0.339
 > Model[[(0, 0, 0), (1, 0, 2, 12), 'c']] 11.895
 > Model[[(0, 0, 0), (2, 0, 1, 12), 'c']] 0.360
 > Model[[(0, 0, 0), (1, 1, 2, 12), 'c']] 0.524
 > Model[[(0, 0, 0), (2, 1, 0, 12), 'c']] 0.447
 > Model[[(0, 0, 0), (0, 0, 0, 12), 't']] 1.753
 > Model[[(0, 0, 0), (2, 0, 2, 12), 'c']] 0.409
 > Model[[(0, 0, 0), (0, 0, 1, 12), 't']] 1.301
 > Model[[(0, 0, 0), (0, 1, 0, 12), 't']] 0.722
 > Model[[(0, 0, 0), (0, 1, 1, 12), 't']] 0.772
 > Model[[(0, 0, 0), (2, 1, 1, 12), 'c']] 0.438
 > Model[[(0, 0, 0), (0, 0, 2, 12), 't']] 1.525
 > Model[[(0, 0, 0), (1, 0, 0, 12), 't']] 0.747
 > Model[[(0, 0, 0), (1, 0, 1, 12), 't']] 0.698
 > Model[[(0, 0, 0), (1, 1, 0, 12), 't']] 0.845
 > Model[[(0, 0, 0), (2, 1, 2, 12), 'c']] 0.393
 > Model[[(0, 0, 0), (0, 1, 2, 12), 't']] 0.667
 > Model[[(0, 0, 0), (1, 0, 2, 12), 't']] 5.663
 > Model[[(0, 0, 0), (1, 1, 1, 12), 't']] 0.822
 > Model[[(0, 0, 0), (2, 0, 0, 12), 't']] 0.887
 > Model[[(0, 0, 0), (1, 1, 2, 12), 't']] 0.705
 > Model[[(0, 0, 0), (2, 1, 0, 12), 't']] 0.738
 > Model[[(0, 0, 0), (2, 0, 2, 12), 't']] 0.820
 > Model[[(0, 0, 0), (0, 0, 0, 12), 'ct']] 0.491
 > Model[[(0, 0, 0), (0, 0, 1, 12), 'ct']] 0.481
 > Model[[(0, 0, 0), (0, 1, 0, 12), 'ct']] 0.615
 > Model[[(0, 0, 0), (2, 1, 1, 12), 't']] 0.747
 > Model[[(0, 0, 0), (0, 0, 2, 12), 'ct']] 0.478
 > Model[[(0, 0, 0), (0, 1, 1, 12), 'ct']] 0.555
 > Model[[(0, 0, 0), (1, 0, 0, 12), 'ct']] 0.486
 > Model[[(0, 0, 0), (1, 0, 1, 12), 'ct']] 0.442
 > Model[[(0, 0, 0), (2, 1, 2, 12), 't']] 0.721
 > Model[[(0, 0, 0), (1, 1, 0, 12), 'ct']] 0.718
 > Model[[(0, 0, 0), (0, 1, 2, 12), 'ct']] 0.494
 > Model[[(0, 0, 0), (1, 1, 1, 12), 'ct']] 0.616
 > Model[[(0, 0, 0), (1, 0, 2, 12), 'ct']] 13.777
 > Model[[(0, 0, 0), (2, 0, 0, 12), 'ct']] 0.520
 > Model[[(0, 0, 0), (2, 0, 1, 12), 'ct']] 0.495
 > Model[[(0, 0, 0), (1, 1, 2, 12), 'ct']] 0.558
 > Model[[(0, 0, 0), (2, 0, 2, 12), 'ct']] 0.560
 > Model[[(0, 0, 1), (0, 0, 0, 12), 'n']] 2.267
 > Model[[(0, 0, 1), (0, 0, 1, 12), 'n']] 1.855
 > Model[[(0, 0, 0), (2, 1, 0, 12), 'ct']] 0.556
 > Model[[(0, 0, 1), (0, 1, 0, 12), 'n']] 0.216
 > Model[[(0, 0, 1), (0, 1, 1, 12), 'n']] 0.216
 > Model[[(0, 0, 1), (0, 0, 2, 12), 'n']] 11.168
 > Model[[(0, 0, 0), (2, 1, 1, 12), 'ct']] 0.546
 > Model[[(0, 0, 1), (1, 0, 0, 12), 'n']] 0.265
 > Model[[(0, 0, 1), (1, 0, 1, 12), 'n']] 0.264
 > Model[[(0, 0, 1), (1, 1, 0, 12), 'n']] 0.233
 > Model[[(0, 0, 1), (0, 1, 2, 12), 'n']] 0.196
 > Model[[(0, 0, 0), (2, 1, 2, 12), 'ct']] 0.524
 > Model[[(0, 0, 1), (1, 0, 2, 12), 'n']] 7.314
 > Model[[(0, 0, 1), (1, 1, 1, 12), 'n']] 0.291
 > Model[[(0, 0, 1), (2, 0, 0, 12), 'n']] 0.278
 > Model[[(0, 0, 1), (2, 1, 0, 12), 'n']] 0.323
 > Model[[(0, 0, 1), (2, 0, 2, 12), 'n']] 0.296
 > Model[[(0, 0, 1), (0, 0, 0, 12), 'c']] 0.426
 > Model[[(0, 0, 1), (1, 1, 2, 12), 'n']] 0.245
 > Model[[(0, 0, 1), (0, 0, 1, 12), 'c']] 0.377
 > Model[[(0, 0, 1), (0, 1, 0, 12), 'c']] 0.318
 > Model[[(0, 0, 1), (2, 1, 1, 12), 'n']] 0.328
 > Model[[(0, 0, 1), (0, 1, 1, 12), 'c']] 0.289
 > Model[[(0, 0, 1), (1, 0, 0, 12), 'c']] 0.182
 > Model[[(0, 0, 1), (0, 0, 2, 12), 'c']] 0.430
 > Model[[(0, 0, 1), (2, 1, 2, 12), 'n']] 0.350
 > Model[[(0, 0, 1), (1, 0, 1, 12), 'c']] 0.173
 > Model[[(0, 0, 1), (1, 1, 0, 12), 'c']] 0.362
 > Model[[(0, 0, 1), (0, 1, 2, 12), 'c']] 0.253
 > Model[[(0, 0, 1), (1, 1, 1, 12), 'c']] 0.297
 > Model[[(0, 0, 1), (1, 0, 2, 12), 'c']] 12.885
 > Model[[(0, 0, 1), (2, 0, 0, 12), 'c']] 0.190
 > Model[[(0, 0, 1), (2, 0, 1, 12), 'c']] 0.181
 > Model[[(0, 0, 1), (2, 1, 0, 12), 'c']] 0.265
 > Model[[(0, 0, 1), (1, 1, 2, 12), 'c']] 0.271
 > Model[[(0, 0, 1), (0, 0, 0, 12), 't']] 0.898
 > Model[[(0, 0, 1), (2, 0, 2, 12), 'c']] 0.191
 > Model[[(0, 0, 1), (0, 0, 1, 12), 't']] 0.671
 > Model[[(0, 0, 1), (0, 1, 0, 12), 't']] 0.381
 > Model[[(0, 0, 1), (2, 1, 1, 12), 'c']] 0.284
 > Model[[(0, 0, 1), (0, 1, 1, 12), 't']] 0.434
 > Model[[(0, 0, 1), (0, 0, 2, 12), 't']] 1.100
 > Model[[(0, 0, 1), (1, 0, 0, 12), 't']] 0.396
 > Model[[(0, 0, 1), (1, 0, 1, 12), 't']] 0.366
 > Model[[(0, 0, 1), (1, 1, 0, 12), 't']] 0.460
 > Model[[(0, 0, 1), (2, 1, 2, 12), 'c']] 0.247
 > Model[[(0, 0, 1), (0, 1, 2, 12), 't']] 0.370
 > Model[[(0, 0, 1), (1, 0, 2, 12), 't']] 3.171
 > Model[[(0, 0, 1), (1, 1, 1, 12), 't']] 0.458
 > Model[[(0, 0, 1), (2, 0, 0, 12), 't']] 0.492
 > Model[[(0, 0, 1), (2, 0, 1, 12), 't']] 0.469
 > Model[[(0, 0, 1), (1, 1, 2, 12), 't']] 0.383
 > Model[[(0, 0, 1), (2, 1, 0, 12), 't']] 0.421
 > Model[[(0, 0, 1), (2, 0, 2, 12), 't']] 0.528
 > Model[[(0, 0, 1), (0, 0, 0, 12), 'ct']] 0.279
 > Model[[(0, 0, 1), (0, 0, 1, 12), 'ct']] 0.273
 > Model[[(0, 0, 1), (0, 1, 0, 12), 'ct']] 0.326
 > Model[[(0, 0, 1), (2, 1, 1, 12), 't']] 0.428
 > Model[[(0, 0, 1), (0, 0, 2, 12), 'ct']] 0.346
 > Model[[(0, 0, 1), (0, 1, 1, 12), 'ct']] 0.314
 > Model[[(0, 0, 1), (1, 0, 0, 12), 'ct']] 0.281
 > Model[[(0, 0, 1), (1, 0, 1, 12), 'ct']] 0.278
 > Model[[(0, 0, 1), (2, 1, 2, 12), 't']] 0.424
 > Model[[(0, 0, 1), (0, 1, 2, 12), 'ct']] 0.271
 > Model[[(0, 0, 1), (1, 1, 0, 12), 'ct']] 0.396
 > Model[[(0, 0, 1), (1, 1, 1, 12), 'ct']] 0.343
 > Model[[(0, 0, 1), (1, 0, 2, 12), 'ct']] 7.601
 > Model[[(0, 0, 1), (2, 0, 0, 12), 'ct']] 0.299
 > Model[[(0, 0, 1), (2, 0, 1, 12), 'ct']] 0.285
 > Model[[(0, 0, 1), (2, 0, 2, 12), 'ct']] 0.319
 > Model[[(0, 0, 1), (1, 1, 2, 12), 'ct']] 0.297
 > Model[[(0, 0, 2), (0, 0, 0, 12), 'n']] 1.343
 > Model[[(0, 0, 2), (0, 0, 1, 12), 'n']] 0.740
 > Model[[(0, 0, 1), (2, 1, 0, 12), 'ct']] 0.327
 > Model[[(0, 0, 2), (0, 1, 0, 12), 'n']] 0.193
 > Model[[(0, 0, 1), (2, 1, 1, 12), 'ct']] 0.329
 > Model[[(0, 0, 2), (0, 1, 1, 12), 'n']] 0.211
 > Model[[(0, 0, 2), (1, 0, 0, 12), 'n']] 0.201
 > Model[[(0, 0, 2), (0, 0, 2, 12), 'n']] 16.983
 > Model[[(0, 0, 2), (1, 0, 1, 12), 'n']] 0.219
 > Model[[(0, 0, 2), (1, 1, 0, 12), 'n']] 0.200
 > Model[[(0, 0, 1), (2, 1, 2, 12), 'ct']] 0.315
 > Model[[(0, 0, 2), (0, 1, 2, 12), 'n']] 0.189
 > Model[[(0, 0, 2), (1, 1, 1, 12), 'n']] 0.207
 > Model[[(0, 0, 2), (1, 0, 2, 12), 'n']] 18.682
 > Model[[(0, 0, 2), (2, 0, 0, 12), 'n']] 0.287
 > Model[[(0, 0, 2), (2, 0, 1, 12), 'n']] 0.199
 > Model[[(0, 0, 2), (2, 1, 0, 12), 'n']] 0.256
 > Model[[(0, 0, 2), (0, 0, 0, 12), 'c']] 0.293
 > Model[[(0, 0, 2), (1, 1, 2, 12), 'n']] 0.335
 > Model[[(0, 0, 2), (0, 0, 1, 12), 'c']] 0.223
 > Model[[(0, 0, 2), (0, 1, 0, 12), 'c']] 0.256
 > Model[[(0, 0, 2), (2, 1, 1, 12), 'n']] 0.260
 > Model[[(0, 0, 2), (0, 1, 1, 12), 'c']] 0.210
 > Model[[(0, 0, 2), (1, 0, 0, 12), 'c']] 0.178
 > Model[[(0, 0, 2), (0, 0, 2, 12), 'c']] 0.349
 > Model[[(0, 0, 2), (1, 0, 1, 12), 'c']] 0.184
 > Model[[(0, 0, 2), (1, 1, 0, 12), 'c']] 0.272
 > Model[[(0, 0, 2), (2, 1, 2, 12), 'n']] 0.237
 > Model[[(0, 0, 2), (1, 1, 1, 12), 'c']] 0.215
 > Model[[(0, 0, 2), (0, 1, 2, 12), 'c']] 0.209
 > Model[[(0, 0, 2), (1, 0, 2, 12), 'c']] 11.476
 > Model[[(0, 0, 2), (2, 0, 0, 12), 'c']] 0.164
 > Model[[(0, 0, 2), (2, 0, 1, 12), 'c']] 0.179
 > Model[[(0, 0, 2), (2, 1, 0, 12), 'c']] 0.214
 > Model[[(0, 0, 2), (1, 1, 2, 12), 'c']] 0.225
 > Model[[(0, 0, 2), (2, 1, 1, 12), 'c']] 0.208
 > Model[[(0, 0, 2), (0, 0, 0, 12), 't']] 0.604
 > Model[[(0, 0, 2), (2, 0, 2, 12), 'c']] 0.168
 > Model[[(0, 0, 2), (0, 1, 0, 12), 't']] 0.292
 > Model[[(0, 0, 2), (0, 0, 1, 12), 't']] 0.386
 > Model[[(0, 0, 2), (0, 1, 1, 12), 't']] 0.301
 > Model[[(0, 0, 2), (1, 0, 0, 12), 't']] 0.279
 > Model[[(0, 0, 2), (0, 0, 2, 12), 't']] 0.826
 > Model[[(0, 0, 2), (1, 0, 1, 12), 't']] 0.400
 > Model[[(0, 0, 2), (2, 1, 2, 12), 'c']] 0.202
 > Model[[(0, 0, 2), (1, 1, 0, 12), 't']] 0.346
 > Model[[(0, 0, 2), (0, 1, 2, 12), 't']] 0.266
 > Model[[(0, 0, 2), (1, 1, 1, 12), 't']] 0.322
 > Model[[(0, 0, 2), (1, 0, 2, 12), 't']] 2.505
 > Model[[(0, 0, 2), (2, 1, 0, 12), 't']] 0.311
 > Model[[(0, 0, 2), (1, 1, 2, 12), 't']] 0.305
 > Model[[(0, 0, 2), (0, 0, 0, 12), 'ct']] 0.206
 > Model[[(0, 0, 2), (0, 0, 1, 12), 'ct']] 0.192
 > Model[[(0, 0, 2), (2, 1, 1, 12), 't']] 0.314
 > Model[[(0, 0, 2), (2, 0, 2, 12), 't']] 0.377
 > Model[[(0, 0, 2), (0, 1, 0, 12), 'ct']] 0.263
 > Model[[(0, 0, 2), (0, 1, 1, 12), 'ct']] 0.228
 > Model[[(0, 0, 2), (1, 0, 0, 12), 'ct']] 0.207
 > Model[[(0, 0, 2), (0, 0, 2, 12), 'ct']] 0.332
 > Model[[(0, 0, 2), (1, 0, 1, 12), 'ct']] 0.204
 > Model[[(0, 0, 2), (2, 1, 2, 12), 't']] 0.311
 > Model[[(0, 0, 2), (1, 1, 0, 12), 'ct']] 0.293
 > Model[[(0, 0, 2), (0, 1, 2, 12), 'ct']] 0.215
 > Model[[(0, 0, 2), (1, 1, 1, 12), 'ct']] 0.247
 > Model[[(0, 0, 2), (1, 0, 2, 12), 'ct']] 5.078
 > Model[[(0, 0, 2), (2, 0, 0, 12), 'ct']] 0.224
 > Model[[(0, 0, 2), (2, 0, 1, 12), 'ct']] 0.208
 > Model[[(0, 0, 2), (2, 1, 0, 12), 'ct']] 0.256
 > Model[[(0, 0, 2), (1, 1, 2, 12), 'ct']] 0.269
 > Model[[(0, 1, 0), (0, 0, 0, 12), 'n']] 0.160
 > Model[[(0, 1, 0), (0, 0, 1, 12), 'n']] 0.153
 > Model[[(0, 0, 2), (2, 1, 1, 12), 'ct']] 0.243
 > Model[[(0, 1, 0), (0, 1, 0, 12), 'n']] 0.246
 > Model[[(0, 1, 0), (0, 1, 1, 12), 'n']] 0.166
 > Model[[(0, 0, 2), (2, 0, 2, 12), 'ct']] 0.215
 > Model[[(0, 1, 0), (1, 0, 0, 12), 'n']] 0.153
 > Model[[(0, 1, 0), (1, 0, 1, 12), 'n']] 0.153
 > Model[[(0, 1, 0), (0, 0, 2, 12), 'n']] 0.166
 > Model[[(0, 1, 0), (1, 1, 0, 12), 'n']] 0.207
 > Model[[(0, 1, 0), (1, 1, 1, 12), 'n']] 0.159
 > Model[[(0, 1, 0), (1, 0, 2, 12), 'n']] 0.124
 > Model[[(0, 1, 0), (2, 0, 0, 12), 'n']] 0.153
 > Model[[(0, 1, 0), (2, 0, 1, 12), 'n']] 0.154
 > Model[[(0, 1, 0), (2, 1, 0, 12), 'n']] 0.169
 > Model[[(0, 1, 0), (2, 0, 2, 12), 'n']] 0.154
 > Model[[(0, 1, 0), (0, 0, 0, 12), 'c']] 0.164
 > Model[[(0, 1, 0), (0, 0, 1, 12), 'c']] 0.152
 > Model[[(0, 1, 0), (2, 1, 1, 12), 'n']] 0.157
 > Model[[(0, 1, 0), (0, 1, 0, 12), 'c']] 0.248
 > Model[[(0, 1, 0), (0, 1, 1, 12), 'c']] 0.167
 > Model[[(0, 1, 0), (1, 0, 0, 12), 'c']] 0.154
 > Model[[(0, 1, 0), (0, 0, 2, 12), 'c']] 0.165
 > Model[[(0, 1, 0), (1, 0, 1, 12), 'c']] 0.158
 > Model[[(0, 1, 0), (1, 1, 0, 12), 'c']] 0.208
 > Model[[(0, 1, 0), (0, 1, 2, 12), 'c']] 0.294
 > Model[[(0, 1, 0), (1, 0, 2, 12), 'c']] 0.133
 > Model[[(0, 1, 0), (1, 1, 1, 12), 'c']] 0.160
 > Model[[(0, 0, 2), (2, 1, 2, 12), 'ct']] 0.241
 > Model[[(0, 1, 0), (2, 0, 0, 12), 'c']] 0.152
 > Model[[(0, 1, 0), (2, 0, 1, 12), 'c']] 0.156
 > Model[[(0, 1, 0), (2, 1, 0, 12), 'c']] 0.170
 > Model[[(0, 1, 0), (2, 0, 2, 12), 'c']] 0.154
 > Model[[(0, 1, 0), (0, 0, 0, 12), 't']] 0.168
 > Model[[(0, 1, 0), (0, 0, 1, 12), 't']] 0.159
 > Model[[(0, 1, 0), (1, 1, 2, 12), 'c']] 0.197
 > Model[[(0, 1, 0), (0, 1, 0, 12), 't']] 0.251
 > Model[[(0, 1, 0), (0, 0, 2, 12), 't']] 0.167
 > Model[[(0, 1, 0), (0, 1, 1, 12), 't']] 0.168
 > Model[[(0, 1, 0), (1, 0, 0, 12), 't']] 0.161
 > Model[[(0, 1, 0), (2, 1, 1, 12), 'c']] 0.159
 > Model[[(0, 1, 0), (1, 0, 1, 12), 't']] 0.159
 > Model[[(0, 1, 0), (1, 1, 0, 12), 't']] 0.204
 > Model[[(0, 1, 0), (1, 0, 2, 12), 't']] 0.137
 > Model[[(0, 1, 0), (2, 1, 2, 12), 'c']] 0.159
 > Model[[(0, 1, 0), (1, 1, 1, 12), 't']] 0.164
 > Model[[(0, 1, 0), (0, 1, 2, 12), 't']] 0.298
 > Model[[(0, 1, 0), (2, 0, 0, 12), 't']] 0.160
 > Model[[(0, 1, 0), (2, 0, 1, 12), 't']] 0.160
 > Model[[(0, 1, 0), (2, 0, 2, 12), 't']] 0.159
 > Model[[(0, 1, 0), (1, 1, 2, 12), 't']] 0.202
 > Model[[(0, 1, 0), (0, 0, 0, 12), 'ct']] 0.166
 > Model[[(0, 1, 0), (0, 0, 1, 12), 'ct']] 0.154
 > Model[[(0, 1, 0), (2, 1, 0, 12), 't']] 0.169
 > Model[[(0, 1, 0), (0, 1, 0, 12), 'ct']] 0.253
 > Model[[(0, 1, 0), (2, 1, 1, 12), 't']] 0.154
 > Model[[(0, 1, 0), (0, 1, 1, 12), 'ct']] 0.172
 > Model[[(0, 1, 0), (1, 0, 0, 12), 'ct']] 0.158
 > Model[[(0, 1, 0), (0, 0, 2, 12), 'ct']] 0.165
 > Model[[(0, 1, 0), (1, 0, 1, 12), 'ct']] 0.154
 > Model[[(0, 1, 0), (1, 1, 0, 12), 'ct']] 0.205
 > Model[[(0, 1, 0), (2, 1, 2, 12), 't']] 0.166
 > Model[[(0, 1, 0), (1, 0, 2, 12), 'ct']] 0.134
 > Model[[(0, 1, 0), (0, 1, 2, 12), 'ct']] 0.302
 > Model[[(0, 1, 0), (1, 1, 1, 12), 'ct']] 0.158
 > Model[[(0, 1, 0), (2, 0, 0, 12), 'ct']] 0.157
 > Model[[(0, 1, 0), (2, 0, 1, 12), 'ct']] 0.155
 > Model[[(0, 1, 0), (1, 1, 2, 12), 'ct']] 0.198
 > Model[[(0, 1, 0), (2, 0, 2, 12), 'ct']] 0.156
 > Model[[(0, 1, 1), (0, 0, 0, 12), 'n']] 0.136
 > Model[[(0, 1, 1), (0, 0, 1, 12), 'n']] 0.131
 > Model[[(0, 1, 0), (2, 1, 0, 12), 'ct']] 0.166
 > Model[[(0, 1, 1), (0, 1, 0, 12), 'n']] 0.208
 > Model[[(0, 1, 1), (0, 1, 1, 12), 'n']] 0.140
 > Model[[(0, 1, 0), (2, 1, 1, 12), 'ct']] 0.163
 > Model[[(0, 1, 1), (1, 0, 0, 12), 'n']] 0.131
 > Model[[(0, 1, 1), (0, 0, 2, 12), 'n']] 0.154
 > Model[[(0, 1, 1), (1, 0, 1, 12), 'n']] 0.133
 > Model[[(0, 1, 1), (1, 1, 0, 12), 'n']] 0.171
 > Model[[(0, 1, 1), (0, 1, 2, 12), 'n']] 0.294
 > Model[[(0, 1, 0), (2, 1, 2, 12), 'ct']] 0.176
 > Model[[(0, 1, 1), (1, 1, 1, 12), 'n']] 0.138
 > Model[[(0, 1, 1), (2, 0, 0, 12), 'n']] 0.132
 > Model[[(0, 1, 1), (1, 0, 2, 12), 'n']] 0.115
 > Model[[(0, 1, 1), (2, 0, 1, 12), 'n']] 0.133
 > Model[[(0, 1, 1), (2, 1, 0, 12), 'n']] 0.149
 > Model[[(0, 1, 1), (1, 1, 2, 12), 'n']] 0.161
 > Model[[(0, 1, 1), (0, 0, 0, 12), 'c']] 0.140
 > Model[[(0, 1, 1), (0, 0, 1, 12), 'c']] 0.134
 > Model[[(0, 1, 1), (2, 0, 2, 12), 'n']] 0.137
 > Model[[(0, 1, 1), (0, 1, 0, 12), 'c']] 0.209
 > Model[[(0, 1, 1), (0, 1, 1, 12), 'c']] 0.141
 > Model[[(0, 1, 1), (2, 1, 2, 12), 'n']] 0.139
 > Model[[(0, 1, 1), (0, 0, 2, 12), 'c']] 0.153
 > Model[[(0, 1, 1), (2, 1, 1, 12), 'n']] 0.138
 > Model[[(0, 1, 1), (1, 0, 0, 12), 'c']] 0.134
 > Model[[(0, 1, 1), (1, 1, 0, 12), 'c']] 0.172
 > Model[[(0, 1, 1), (1, 0, 1, 12), 'c']] 0.139
 > Model[[(0, 1, 1), (1, 0, 2, 12), 'c']] 0.119
 > Model[[(0, 1, 1), (1, 1, 1, 12), 'c']] 0.138
 > Model[[(0, 1, 1), (0, 1, 2, 12), 'c']] 0.294
 > Model[[(0, 1, 1), (2, 0, 0, 12), 'c']] 0.134
 > Model[[(0, 1, 1), (2, 0, 1, 12), 'c']] 0.138
 > Model[[(0, 1, 1), (2, 1, 0, 12), 'c']] 0.150
 > Model[[(0, 1, 1), (1, 1, 2, 12), 'c']] 0.169
 > Model[[(0, 1, 1), (0, 0, 0, 12), 't']] 0.141
 > Model[[(0, 1, 1), (2, 0, 2, 12), 'c']] 0.129
 > Model[[(0, 1, 1), (0, 0, 1, 12), 't']] 0.136
 > Model[[(0, 1, 1), (0, 1, 0, 12), 't']] 0.213
 > Model[[(0, 1, 1), (0, 1, 1, 12), 't']] 0.141
 > Model[[(0, 1, 1), (0, 0, 2, 12), 't']] 0.154
 > Model[[(0, 1, 1), (2, 1, 1, 12), 'c']] 0.140
 > Model[[(0, 1, 1), (1, 0, 0, 12), 't']] 0.136
 > Model[[(0, 1, 1), (1, 0, 1, 12), 't']] 0.137
 > Model[[(0, 1, 1), (2, 1, 2, 12), 'c']] 0.141
 > Model[[(0, 1, 1), (1, 1, 0, 12), 't']] 0.171
 > Model[[(0, 1, 1), (0, 1, 2, 12), 't']] 0.296
 > Model[[(0, 1, 1), (1, 1, 1, 12), 't']] 0.142
 > Model[[(0, 1, 1), (1, 0, 2, 12), 't']] 0.126
 > Model[[(0, 1, 1), (2, 0, 0, 12), 't']] 0.137
 > Model[[(0, 1, 1), (2, 0, 1, 12), 't']] 0.139
 > Model[[(0, 1, 1), (1, 1, 2, 12), 't']] 0.175
 > Model[[(0, 1, 1), (2, 0, 2, 12), 't']] 0.137
 > Model[[(0, 1, 1), (2, 1, 0, 12), 't']] 0.147
 > Model[[(0, 1, 1), (0, 0, 0, 12), 'ct']] 0.140
 > Model[[(0, 1, 1), (0, 0, 1, 12), 'ct']] 0.135
 > Model[[(0, 1, 1), (0, 1, 0, 12), 'ct']] 0.215
 > Model[[(0, 1, 1), (2, 1, 1, 12), 't']] 0.141
 > Model[[(0, 1, 1), (0, 1, 1, 12), 'ct']] 0.145
 > Model[[(0, 1, 1), (0, 0, 2, 12), 'ct']] 0.155
 > Model[[(0, 1, 1), (1, 0, 0, 12), 'ct']] 0.135
 > Model[[(0, 1, 1), (1, 0, 1, 12), 'ct']] 0.134
 > Model[[(0, 1, 1), (2, 1, 2, 12), 't']] 0.150
 > Model[[(0, 1, 1), (1, 1, 0, 12), 'ct']] 0.173
 > Model[[(0, 1, 1), (1, 0, 2, 12), 'ct']] 0.119
 > Model[[(0, 1, 1), (1, 1, 1, 12), 'ct']] 0.140
 > Model[[(0, 1, 1), (0, 1, 2, 12), 'ct']] 0.299
 > Model[[(0, 1, 1), (2, 0, 0, 12), 'ct']] 0.136
 > Model[[(0, 1, 1), (2, 0, 1, 12), 'ct']] 0.138
 > Model[[(0, 1, 1), (2, 0, 2, 12), 'ct']] 0.138
 > Model[[(0, 1, 1), (1, 1, 2, 12), 'ct']] 0.172
 > Model[[(0, 1, 2), (0, 0, 0, 12), 'n']] 0.137
 > Model[[(0, 1, 2), (0, 0, 1, 12), 'n']] 0.132
 > Model[[(0, 1, 1), (2, 1, 0, 12), 'ct']] 0.156
 > Model[[(0, 1, 2), (0, 1, 0, 12), 'n']] 0.212
 > Model[[(0, 1, 2), (0, 1, 1, 12), 'n']] 0.142
 > Model[[(0, 1, 1), (2, 1, 1, 12), 'ct']] 0.150
 > Model[[(0, 1, 2), (1, 0, 0, 12), 'n']] 0.131
 > Model[[(0, 1, 2), (0, 0, 2, 12), 'n']] 0.159
 > Model[[(0, 1, 2), (1, 0, 1, 12), 'n']] 0.135
 > Model[[(0, 1, 2), (1, 1, 0, 12), 'n']] 0.172
 > Model[[(0, 1, 2), (0, 1, 2, 12), 'n']] 0.295
 > Model[[(0, 1, 2), (1, 1, 1, 12), 'n']] 0.139
 > Model[[(0, 1, 1), (2, 1, 2, 12), 'ct']] 0.146
 > Model[[(0, 1, 2), (2, 0, 0, 12), 'n']] 0.133
 > Model[[(0, 1, 2), (1, 0, 2, 12), 'n']] 0.123
 > Model[[(0, 1, 2), (2, 0, 1, 12), 'n']] 0.135
 > Model[[(0, 1, 2), (2, 1, 0, 12), 'n']] 0.150
 > Model[[(0, 1, 2), (2, 0, 2, 12), 'n']] 0.140
 > Model[[(0, 1, 2), (0, 0, 0, 12), 'c']] 0.141
 > Model[[(0, 1, 2), (1, 1, 2, 12), 'n']] 0.165
 > Model[[(0, 1, 2), (0, 0, 1, 12), 'c']] 0.135
 > Model[[(0, 1, 2), (2, 1, 1, 12), 'n']] 0.140
 > Model[[(0, 1, 2), (0, 1, 0, 12), 'c']] 0.213
 > Model[[(0, 1, 2), (0, 1, 1, 12), 'c']] 0.144
 > Model[[(0, 1, 2), (1, 0, 0, 12), 'c']] 0.135
 > Model[[(0, 1, 2), (0, 0, 2, 12), 'c']] 0.159
 > Model[[(0, 1, 2), (2, 1, 2, 12), 'n']] 0.140
 > Model[[(0, 1, 2), (1, 0, 1, 12), 'c']] 0.141
 > Model[[(0, 1, 2), (1, 1, 0, 12), 'c']] 0.173
 > Model[[(0, 1, 2), (1, 1, 1, 12), 'c']] 0.140
 > Model[[(0, 1, 2), (2, 0, 0, 12), 'c']] 0.136
 > Model[[(0, 1, 2), (0, 1, 2, 12), 'c']] 0.296
 > Model[[(0, 1, 2), (1, 0, 2, 12), 'c']] 0.120
 > Model[[(0, 1, 2), (2, 0, 1, 12), 'c']] 0.139
 > Model[[(0, 1, 2), (2, 1, 0, 12), 'c']] 0.151
 > Model[[(0, 1, 2), (2, 0, 2, 12), 'c']] 0.138
 > Model[[(0, 1, 2), (1, 1, 2, 12), 'c']] 0.167
 > Model[[(0, 1, 2), (0, 0, 0, 12), 't']] 0.143
 > Model[[(0, 1, 2), (0, 0, 1, 12), 't']] 0.138
 > Model[[(0, 1, 2), (0, 1, 0, 12), 't']] 0.216
 > Model[[(0, 1, 2), (2, 1, 1, 12), 'c']] 0.142
 > Model[[(0, 1, 2), (0, 1, 1, 12), 't']] 0.146
 > Model[[(0, 1, 2), (1, 0, 0, 12), 't']] 0.138
 > Model[[(0, 1, 2), (0, 0, 2, 12), 't']] 0.160
 > Model[[(0, 1, 2), (1, 0, 1, 12), 't']] 0.138
 > Model[[(0, 1, 2), (1, 1, 0, 12), 't']] 0.174
 > Model[[(0, 1, 2), (2, 1, 2, 12), 'c']] 0.142
 > Model[[(0, 1, 2), (1, 0, 2, 12), 't']] 0.123
 > Model[[(0, 1, 2), (1, 1, 1, 12), 't']] 0.141
 > Model[[(0, 1, 2), (0, 1, 2, 12), 't']] 0.300
 > Model[[(0, 1, 2), (2, 0, 0, 12), 't']] 0.139
 > Model[[(0, 1, 2), (2, 0, 1, 12), 't']] 0.139
 > Model[[(0, 1, 2), (2, 0, 2, 12), 't']] 0.140
 > Model[[(0, 1, 2), (2, 1, 0, 12), 't']] 0.151
 > Model[[(0, 1, 2), (0, 0, 0, 12), 'ct']] 0.144
 > Model[[(0, 1, 2), (1, 1, 2, 12), 't']] 0.174
 > Model[[(0, 1, 2), (2, 1, 1, 12), 't']] 0.135
 > Model[[(0, 1, 2), (0, 0, 1, 12), 'ct']] 0.137
 > Model[[(0, 1, 2), (0, 1, 0, 12), 'ct']] 0.220
 > Model[[(0, 1, 2), (0, 1, 1, 12), 'ct']] 0.148
 > Model[[(0, 1, 2), (1, 0, 0, 12), 'ct']] 0.137
 > Model[[(0, 1, 2), (0, 0, 2, 12), 'ct']] 0.159
 > Model[[(0, 1, 2), (1, 0, 1, 12), 'ct']] 0.136
 > Model[[(0, 1, 2), (2, 1, 2, 12), 't']] 0.147
 > Model[[(0, 1, 2), (1, 1, 0, 12), 'ct']] 0.176
 > Model[[(0, 1, 2), (1, 1, 1, 12), 'ct']] 0.146
 > Model[[(0, 1, 2), (1, 0, 2, 12), 'ct']] 0.123
 > Model[[(0, 1, 2), (0, 1, 2, 12), 'ct']] 0.301
 > Model[[(0, 1, 2), (2, 0, 0, 12), 'ct']] 0.139
 > Model[[(0, 1, 2), (2, 0, 1, 12), 'ct']] 0.138
 > Model[[(0, 1, 2), (1, 1, 2, 12), 'ct']] 0.178
 > Model[[(0, 1, 2), (2, 0, 2, 12), 'ct']] 0.141
 > Model[[(1, 0, 0), (0, 0, 0, 12), 'n']] 0.160
 > Model[[(1, 0, 0), (0, 0, 1, 12), 'n']] 0.160
 > Model[[(0, 1, 2), (2, 1, 0, 12), 'ct']] 0.154
 > Model[[(1, 0, 0), (0, 1, 0, 12), 'n']] 0.241
 > Model[[(1, 0, 0), (0, 0, 2, 12), 'n']] 3.812
 > Model[[(1, 0, 0), (0, 1, 1, 12), 'n']] 0.166
 > Model[[(1, 0, 0), (1, 0, 0, 12), 'n']] 0.153
 > Model[[(0, 1, 2), (2, 1, 1, 12), 'ct']] 0.139
 > Model[[(1, 0, 0), (1, 0, 1, 12), 'n']] 0.163
 > Model[[(1, 0, 0), (1, 1, 0, 12), 'n']] 0.204
 > Model[[(1, 0, 0), (0, 1, 2, 12), 'n']] 0.208
 > Model[[(1, 0, 0), (1, 0, 2, 12), 'n']] 1.738
 > Model[[(1, 0, 0), (1, 1, 1, 12), 'n']] 0.160
 > Model[[(1, 0, 0), (2, 0, 0, 12), 'n']] 0.153
 > Model[[(1, 0, 0), (1, 1, 2, 12), 'n']] 0.230
 > Model[[(1, 0, 0), (2, 0, 1, 12), 'n']] 0.153
 > Model[[(1, 0, 0), (2, 0, 2, 12), 'n']] 0.155
 > Model[[(0, 1, 2), (2, 1, 2, 12), 'ct']] 0.159
 > Model[[(1, 0, 0), (0, 0, 0, 12), 'c']] 0.160
 > Model[[(1, 0, 0), (2, 1, 0, 12), 'n']] 0.168
 > Model[[(1, 0, 0), (0, 0, 1, 12), 'c']] 0.160
 > Model[[(1, 0, 0), (0, 1, 0, 12), 'c']] 0.245
 > Model[[(1, 0, 0), (0, 1, 1, 12), 'c']] 0.170
 > Model[[(1, 0, 0), (0, 0, 2, 12), 'c']] 0.185
 > Model[[(1, 0, 0), (1, 0, 0, 12), 'c']] 0.153
 > Model[[(1, 0, 0), (2, 1, 1, 12), 'n']] 0.157
 > Model[[(1, 0, 0), (1, 0, 1, 12), 'c']] 0.154
 > Model[[(1, 0, 0), (2, 1, 2, 12), 'n']] 0.157
 > Model[[(1, 0, 0), (1, 1, 0, 12), 'c']] 0.213
 > Model[[(1, 0, 0), (1, 0, 2, 12), 'c']] 0.318
 > Model[[(1, 0, 0), (1, 1, 1, 12), 'c']] 0.163
 > Model[[(1, 0, 0), (0, 1, 2, 12), 'c']] 0.216
 > Model[[(1, 0, 0), (2, 0, 0, 12), 'c']] 0.153
 > Model[[(1, 0, 0), (2, 0, 1, 12), 'c']] 0.156
 > Model[[(1, 0, 0), (2, 0, 2, 12), 'c']] 0.154
 > Model[[(1, 0, 0), (1, 1, 2, 12), 'c']] 0.237
 > Model[[(1, 0, 0), (2, 1, 0, 12), 'c']] 0.173
 > Model[[(1, 0, 0), (0, 0, 0, 12), 't']] 0.168
 > Model[[(1, 0, 0), (0, 0, 1, 12), 't']] 0.174
 > Model[[(1, 0, 0), (0, 1, 0, 12), 't']] 0.252
 > Model[[(1, 0, 0), (0, 0, 2, 12), 't']] 3.830
 > Model[[(1, 0, 0), (0, 1, 1, 12), 't']] 0.184
 > Model[[(1, 0, 0), (2, 1, 1, 12), 'c']] 0.162
 > Model[[(1, 0, 0), (1, 0, 0, 12), 't']] 0.179
 > Model[[(1, 0, 0), (2, 1, 2, 12), 'c']] 0.161
 > Model[[(1, 0, 0), (1, 0, 1, 12), 't']] 0.179
 > Model[[(1, 0, 0), (0, 1, 2, 12), 't']] 0.221
 > Model[[(1, 0, 0), (1, 1, 0, 12), 't']] 0.221
 > Model[[(1, 0, 0), (1, 1, 1, 12), 't']] 0.190
 > Model[[(1, 0, 0), (1, 0, 2, 12), 't']] 1.617
 > Model[[(1, 0, 0), (2, 0, 0, 12), 't']] 0.200
 > Model[[(1, 0, 0), (2, 0, 1, 12), 't']] 0.211
 > Model[[(1, 0, 0), (1, 1, 2, 12), 't']] 0.235
 > Model[[(1, 0, 0), (2, 0, 2, 12), 't']] 0.220
 > Model[[(1, 0, 0), (0, 0, 0, 12), 'ct']] 0.173
 > Model[[(1, 0, 0), (0, 0, 1, 12), 'ct']] 0.182
 > Model[[(1, 0, 0), (2, 1, 0, 12), 't']] 0.183
 > Model[[(1, 0, 0), (0, 1, 0, 12), 'ct']] 0.247
 > Model[[(1, 0, 0), (2, 1, 1, 12), 't']] 0.184
 > Model[[(1, 0, 0), (0, 0, 2, 12), 'ct']] 0.805
 > Model[[(1, 0, 0), (0, 1, 1, 12), 'ct']] 0.187
 > Model[[(1, 0, 0), (1, 0, 0, 12), 'ct']] 0.167
 > Model[[(1, 0, 0), (2, 1, 2, 12), 't']] 0.181
 > Model[[(1, 0, 0), (1, 0, 1, 12), 'ct']] 0.162
 > Model[[(1, 0, 0), (1, 1, 0, 12), 'ct']] 0.213
 > Model[[(1, 0, 0), (1, 1, 1, 12), 'ct']] 0.185
 > Model[[(1, 0, 0), (1, 0, 2, 12), 'ct']] 0.691
 > Model[[(1, 0, 0), (0, 1, 2, 12), 'ct']] 0.216
 > Model[[(1, 0, 0), (2, 0, 0, 12), 'ct']] 0.165
 > Model[[(1, 0, 0), (2, 0, 1, 12), 'ct']] 0.164
 > Model[[(1, 0, 0), (2, 0, 2, 12), 'ct']] 0.165
 > Model[[(1, 0, 0), (1, 1, 2, 12), 'ct']] 0.241
 > Model[[(1, 0, 1), (0, 0, 0, 12), 'n']] 0.145
 > Model[[(1, 0, 1), (0, 0, 1, 12), 'n']] 0.142
 > Model[[(1, 0, 0), (2, 1, 0, 12), 'ct']] 0.173
 > Model[[(1, 0, 1), (0, 1, 0, 12), 'n']] 0.198
 > Model[[(1, 0, 1), (0, 0, 2, 12), 'n']] 3.020
 > Model[[(1, 0, 0), (2, 1, 1, 12), 'ct']] 0.161
 > Model[[(1, 0, 1), (0, 1, 1, 12), 'n']] 0.140
 > Model[[(1, 0, 1), (1, 0, 0, 12), 'n']] 0.150
 > Model[[(1, 0, 1), (1, 0, 1, 12), 'n']] 0.155
 > Model[[(1, 0, 0), (2, 1, 2, 12), 'ct']] 0.170
 > Model[[(1, 0, 1), (1, 1, 0, 12), 'n']] 0.168
 > Model[[(1, 0, 1), (1, 0, 2, 12), 'n']] 1.272
 > Model[[(1, 0, 1), (0, 1, 2, 12), 'n']] 0.166
 > Model[[(1, 0, 1), (1, 1, 1, 12), 'n']] 0.137
 > Model[[(1, 0, 1), (2, 0, 0, 12), 'n']] 0.156
 > Model[[(1, 0, 1), (2, 0, 1, 12), 'n']] 0.147
 > Model[[(1, 0, 1), (1, 1, 2, 12), 'n']] 0.201
 > Model[[(1, 0, 1), (0, 0, 0, 12), 'c']] 0.135
 > Model[[(1, 0, 1), (2, 1, 0, 12), 'n']] 0.147
 > Model[[(1, 0, 1), (0, 0, 1, 12), 'c']] 0.136
 > Model[[(1, 0, 1), (0, 1, 0, 12), 'c']] 0.201
 > Model[[(1, 0, 1), (0, 0, 2, 12), 'c']] 0.905
 > Model[[(1, 0, 1), (0, 1, 1, 12), 'c']] 0.144
 > Model[[(1, 0, 1), (2, 1, 1, 12), 'n']] 0.138
 > Model[[(1, 0, 1), (1, 0, 0, 12), 'c']] 0.131
 > Model[[(1, 0, 1), (2, 1, 2, 12), 'n']] 0.139
 > Model[[(1, 0, 1), (1, 0, 1, 12), 'c']] 0.133
 > Model[[(1, 0, 1), (1, 1, 0, 12), 'c']] 0.177
 > Model[[(1, 0, 1), (1, 0, 2, 12), 'c']] 0.222
 > Model[[(1, 0, 1), (0, 1, 2, 12), 'c']] 0.173
 > Model[[(1, 0, 1), (1, 1, 1, 12), 'c']] 0.142
 > Model[[(1, 0, 1), (2, 0, 0, 12), 'c']] 0.131
 > Model[[(1, 0, 1), (2, 0, 1, 12), 'c']] 0.136
 > Model[[(1, 0, 1), (1, 1, 2, 12), 'c']] 0.202
 > Model[[(1, 0, 1), (2, 0, 2, 12), 'c']] 0.132
 > Model[[(1, 0, 1), (0, 0, 0, 12), 't']] 0.150
 > Model[[(1, 0, 1), (2, 1, 0, 12), 'c']] 0.152
 > Model[[(1, 0, 1), (0, 0, 1, 12), 't']] 0.162
 > Model[[(1, 0, 1), (0, 1, 0, 12), 't']] 0.208
 > Model[[(1, 0, 1), (0, 1, 1, 12), 't']] 0.153
 > Model[[(1, 0, 1), (0, 0, 2, 12), 't']] 2.898
 > Model[[(1, 0, 1), (2, 1, 1, 12), 'c']] 0.143
 > Model[[(1, 0, 1), (1, 0, 0, 12), 't']] 0.161
 > Model[[(1, 0, 1), (2, 1, 2, 12), 'c']] 0.142
 > Model[[(1, 0, 1), (1, 0, 1, 12), 't']] 0.171
 > Model[[(1, 0, 1), (0, 1, 2, 12), 't']] 0.177
 > Model[[(1, 0, 1), (1, 1, 0, 12), 't']] 0.178
 > Model[[(1, 0, 1), (1, 1, 1, 12), 't']] 0.161
 > Model[[(1, 0, 1), (1, 0, 2, 12), 't']] 1.184
 > Model[[(1, 0, 1), (2, 0, 0, 12), 't']] 0.169
 > Model[[(1, 0, 1), (1, 1, 2, 12), 't']] 0.214
 > Model[[(1, 0, 1), (2, 0, 1, 12), 't']] 0.198
 > Model[[(1, 0, 1), (2, 0, 2, 12), 't']] 0.175
 > Model[[(1, 0, 1), (0, 0, 0, 12), 'ct']] 0.143
 > Model[[(1, 0, 1), (0, 0, 1, 12), 'ct']] 0.150
 > Model[[(1, 0, 1), (2, 1, 0, 12), 't']] 0.161
 > Model[[(1, 0, 1), (0, 1, 0, 12), 'ct']] 0.205
 > Model[[(1, 0, 1), (2, 1, 1, 12), 't']] 0.156
 > Model[[(1, 0, 1), (0, 0, 2, 12), 'ct']] 0.368
 > Model[[(1, 0, 1), (0, 1, 1, 12), 'ct']] 0.145
 > Model[[(1, 0, 1), (1, 0, 0, 12), 'ct']] 0.141
 > Model[[(1, 0, 1), (2, 1, 2, 12), 't']] 0.160
 > Model[[(1, 0, 1), (1, 0, 1, 12), 'ct']] 0.139
 > Model[[(1, 0, 1), (1, 1, 0, 12), 'ct']] 0.180
 > Model[[(1, 0, 1), (1, 0, 2, 12), 'ct']] 0.759
 > Model[[(1, 0, 1), (0, 1, 2, 12), 'ct']] 0.170
 > Model[[(1, 0, 1), (1, 1, 1, 12), 'ct']] 0.148
 > Model[[(1, 0, 1), (2, 0, 0, 12), 'ct']] 0.142
 > Model[[(1, 0, 1), (2, 0, 2, 12), 'ct']] 0.138
 > Model[[(1, 0, 1), (2, 0, 1, 12), 'ct']] 0.138
 > Model[[(1, 0, 1), (1, 1, 2, 12), 'ct']] 0.204
 > Model[[(1, 0, 2), (0, 0, 0, 12), 'n']] 0.137
 > Model[[(1, 0, 2), (0, 0, 1, 12), 'n']] 0.147
 > Model[[(1, 0, 1), (2, 1, 0, 12), 'ct']] 0.152
 > Model[[(1, 0, 2), (0, 1, 0, 12), 'n']] 0.201
 > Model[[(1, 0, 2), (0, 0, 2, 12), 'n']] 2.975
 > Model[[(1, 0, 1), (2, 1, 1, 12), 'ct']] 0.148
 > Model[[(1, 0, 2), (1, 0, 0, 12), 'n']] 0.131
 > Model[[(1, 0, 2), (0, 1, 1, 12), 'n']] 0.142
 > Model[[(1, 0, 2), (1, 0, 1, 12), 'n']] 0.138
 > Model[[(1, 0, 1), (2, 1, 2, 12), 'ct']] 0.144
 > Model[[(1, 0, 2), (1, 1, 0, 12), 'n']] 0.167
 > Model[[(1, 0, 2), (0, 1, 2, 12), 'n']] 0.166
 > Model[[(1, 0, 2), (1, 1, 1, 12), 'n']] 0.140
 > Model[[(1, 0, 2), (1, 0, 2, 12), 'n']] 1.194
 > Model[[(1, 0, 2), (2, 0, 0, 12), 'n']] 0.133
 > Model[[(1, 0, 2), (2, 0, 1, 12), 'n']] 0.129
 > Model[[(1, 0, 2), (1, 1, 2, 12), 'n']] 0.195
 > Model[[(1, 0, 2), (0, 0, 0, 12), 'c']] 0.136
 > Model[[(1, 0, 2), (2, 1, 0, 12), 'n']] 0.148
 > Model[[(1, 0, 2), (0, 0, 1, 12), 'c']] 0.138
 > Model[[(1, 0, 2), (0, 1, 0, 12), 'c']] 0.202
 > Model[[(1, 0, 2), (2, 1, 1, 12), 'n']] 0.140
 > Model[[(1, 0, 2), (0, 1, 1, 12), 'c']] 0.143
 > Model[[(1, 0, 2), (0, 0, 2, 12), 'c']] 0.165
 > Model[[(1, 0, 2), (1, 0, 0, 12), 'c']] 0.131
 > Model[[(1, 0, 2), (1, 0, 1, 12), 'c']] 0.134
 > Model[[(1, 0, 2), (2, 1, 2, 12), 'n']] 0.139
 > Model[[(1, 0, 2), (1, 1, 0, 12), 'c']] 0.175
 > Model[[(1, 0, 2), (1, 1, 1, 12), 'c']] 0.141
 > Model[[(1, 0, 2), (0, 1, 2, 12), 'c']] 0.174
 > Model[[(1, 0, 2), (1, 0, 2, 12), 'c']] 0.247
 > Model[[(1, 0, 2), (2, 0, 0, 12), 'c']] 0.133
 > Model[[(1, 0, 2), (2, 0, 1, 12), 'c']] 0.134
 > Model[[(1, 0, 2), (2, 1, 0, 12), 'c']] 0.153
 > Model[[(1, 0, 2), (2, 0, 2, 12), 'c']] 0.142
 > Model[[(1, 0, 2), (0, 0, 0, 12), 't']] 0.144
 > Model[[(1, 0, 2), (1, 1, 2, 12), 'c']] 0.204
 > Model[[(1, 0, 2), (0, 0, 1, 12), 't']] 0.151
 > Model[[(1, 0, 2), (0, 1, 0, 12), 't']] 0.208
 > Model[[(1, 0, 2), (2, 1, 1, 12), 'c']] 0.142
 > Model[[(1, 0, 2), (0, 1, 1, 12), 't']] 0.153
 > Model[[(1, 0, 2), (1, 0, 0, 12), 't']] 0.170
 > Model[[(1, 0, 2), (0, 0, 2, 12), 't']] 2.998
 > Model[[(1, 0, 2), (1, 0, 1, 12), 't']] 0.160
 > Model[[(1, 0, 2), (1, 1, 0, 12), 't']] 0.179
 > Model[[(1, 0, 2), (2, 1, 2, 12), 'c']] 0.142
 > Model[[(1, 0, 2), (0, 1, 2, 12), 't']] 0.186
 > Model[[(1, 0, 2), (1, 1, 1, 12), 't']] 0.156
 > Model[[(1, 0, 2), (1, 0, 2, 12), 't']] 1.225
 > Model[[(1, 0, 2), (2, 0, 0, 12), 't']] 0.165
 > Model[[(1, 0, 2), (2, 0, 1, 12), 't']] 0.145
 > Model[[(1, 0, 2), (1, 1, 2, 12), 't']] 0.214
 > Model[[(1, 0, 2), (2, 1, 0, 12), 't']] 0.176
 > Model[[(1, 0, 2), (0, 0, 0, 12), 'ct']] 0.144
 > Model[[(1, 0, 2), (2, 0, 2, 12), 't']] 0.194
 > Model[[(1, 0, 2), (0, 0, 1, 12), 'ct']] 0.156
 > Model[[(1, 0, 2), (0, 1, 0, 12), 'ct']] 0.205
 > Model[[(1, 0, 2), (2, 1, 1, 12), 't']] 0.152
 > Model[[(1, 0, 2), (0, 1, 1, 12), 'ct']] 0.145
 > Model[[(1, 0, 2), (1, 0, 0, 12), 'ct']] 0.141
 > Model[[(1, 0, 2), (1, 0, 1, 12), 'ct']] 0.137
 > Model[[(1, 0, 2), (0, 0, 2, 12), 'ct']] 0.322
 > Model[[(1, 0, 2), (1, 1, 0, 12), 'ct']] 0.178
 > Model[[(1, 0, 2), (2, 1, 2, 12), 't']] 0.154
 > Model[[(1, 0, 2), (0, 1, 2, 12), 'ct']] 0.169
 > Model[[(1, 0, 2), (1, 1, 1, 12), 'ct']] 0.155
 > Model[[(1, 0, 2), (1, 0, 2, 12), 'ct']] 0.978
 > Model[[(1, 0, 2), (2, 0, 0, 12), 'ct']] 0.143
 > Model[[(1, 0, 2), (2, 0, 1, 12), 'ct']] 0.140
 > Model[[(1, 0, 2), (1, 1, 2, 12), 'ct']] 0.206
 > Model[[(1, 0, 2), (2, 1, 0, 12), 'ct']] 0.158
 > Model[[(1, 1, 0), (0, 0, 0, 12), 'n']] 0.141
 > Model[[(1, 1, 0), (0, 0, 1, 12), 'n']] 0.134
 > Model[[(1, 0, 2), (2, 1, 1, 12), 'ct']] 0.139
 > Model[[(1, 1, 0), (0, 1, 0, 12), 'n']] 0.221
 > Model[[(1, 1, 0), (0, 1, 1, 12), 'n']] 0.146
 > Model[[(1, 1, 0), (0, 0, 2, 12), 'n']] 0.164
 > Model[[(1, 1, 0), (1, 0, 0, 12), 'n']] 0.134
 > Model[[(1, 0, 2), (2, 0, 2, 12), 'ct']] 0.136
 > Model[[(1, 1, 0), (1, 0, 1, 12), 'n']] 0.138
 > Model[[(1, 1, 0), (1, 1, 0, 12), 'n']] 0.178
 > Model[[(1, 1, 0), (0, 1, 2, 12), 'n']] 0.309
 > Model[[(1, 1, 0), (1, 1, 1, 12), 'n']] 0.142
 > Model[[(1, 1, 0), (1, 0, 2, 12), 'n']] 0.118
 > Model[[(1, 1, 0), (2, 0, 0, 12), 'n']] 0.136
 > Model[[(1, 1, 0), (2, 0, 1, 12), 'n']] 0.137
 > Model[[(1, 1, 0), (2, 0, 2, 12), 'n']] 0.139
 > Model[[(1, 1, 0), (1, 1, 2, 12), 'n']] 0.180
 > Model[[(1, 1, 0), (2, 1, 0, 12), 'n']] 0.156
 > Model[[(1, 1, 0), (0, 0, 0, 12), 'c']] 0.145
 > Model[[(1, 1, 0), (0, 0, 1, 12), 'c']] 0.137
 > Model[[(1, 0, 2), (2, 1, 2, 12), 'ct']] 0.141
 > Model[[(1, 1, 0), (0, 1, 0, 12), 'c']] 0.223
 > Model[[(1, 1, 0), (0, 1, 1, 12), 'c']] 0.148
 > Model[[(1, 1, 0), (0, 0, 2, 12), 'c']] 0.164
 > Model[[(1, 1, 0), (2, 1, 1, 12), 'n']] 0.143
 > Model[[(1, 1, 0), (1, 0, 0, 12), 'c']] 0.138
 > Model[[(1, 1, 0), (1, 0, 1, 12), 'c']] 0.143
 > Model[[(1, 1, 0), (2, 1, 2, 12), 'n']] 0.136
 > Model[[(1, 1, 0), (1, 1, 0, 12), 'c']] 0.179
 > Model[[(1, 1, 0), (1, 1, 1, 12), 'c']] 0.143
 > Model[[(1, 1, 0), (0, 1, 2, 12), 'c']] 0.310
 > Model[[(1, 1, 0), (1, 0, 2, 12), 'c']] 0.132
 > Model[[(1, 1, 0), (2, 0, 0, 12), 'c']] 0.139
 > Model[[(1, 1, 0), (2, 0, 1, 12), 'c']] 0.141
 > Model[[(1, 1, 0), (1, 1, 2, 12), 'c']] 0.169
 > Model[[(1, 1, 0), (2, 0, 2, 12), 'c']] 0.145
 > Model[[(1, 1, 0), (0, 0, 0, 12), 't']] 0.148
 > Model[[(1, 1, 0), (2, 1, 0, 12), 'c']] 0.157
 > Model[[(1, 1, 0), (0, 1, 0, 12), 't']] 0.225
 > Model[[(1, 1, 0), (0, 1, 1, 12), 't']] 0.149
 > Model[[(1, 1, 0), (0, 0, 2, 12), 't']] 0.166
 > Model[[(1, 1, 0), (1, 0, 0, 12), 't']] 0.141
 > Model[[(1, 1, 0), (1, 0, 1, 12), 't']] 0.139
 > Model[[(1, 1, 0), (2, 1, 1, 12), 'c']] 0.144
 > Model[[(1, 1, 0), (0, 1, 2, 12), 't']] 0.312
 > Model[[(1, 1, 0), (1, 1, 0, 12), 't']] 0.174
 > Model[[(1, 1, 0), (2, 1, 2, 12), 'c']] 0.147
 > Model[[(1, 1, 0), (1, 0, 2, 12), 't']] 0.126
 > Model[[(1, 1, 0), (1, 1, 1, 12), 't']] 0.141
 > Model[[(1, 1, 0), (2, 0, 0, 12), 't']] 0.141
 > Model[[(1, 1, 0), (2, 0, 1, 12), 't']] 0.143
 > Model[[(1, 1, 0), (1, 1, 2, 12), 't']] 0.184
 > Model[[(1, 1, 0), (2, 0, 2, 12), 't']] 0.141
 > Model[[(1, 1, 0), (0, 0, 0, 12), 'ct']] 0.147
 > Model[[(1, 1, 0), (2, 1, 0, 12), 't']] 0.154
 > Model[[(1, 1, 0), (0, 0, 1, 12), 'ct']] 0.139
 > Model[[(1, 1, 0), (0, 1, 0, 12), 'ct']] 0.228
 > Model[[(1, 1, 0), (2, 1, 1, 12), 't']] 0.141
 > Model[[(1, 1, 0), (0, 1, 1, 12), 'ct']] 0.153
 > Model[[(1, 1, 0), (1, 0, 0, 12), 'ct']] 0.139
 > Model[[(1, 1, 0), (0, 0, 2, 12), 'ct']] 0.165
 > Model[[(1, 1, 0), (1, 0, 1, 12), 'ct']] 0.139
 > Model[[(1, 1, 0), (2, 1, 2, 12), 't']] 0.167
 > Model[[(1, 1, 0), (0, 1, 2, 12), 'ct']] 0.316
 > Model[[(1, 1, 0), (1, 1, 0, 12), 'ct']] 0.182
 > Model[[(1, 1, 0), (1, 0, 2, 12), 'ct']] 0.131
 > Model[[(1, 1, 0), (1, 1, 1, 12), 'ct']] 0.147
 > Model[[(1, 1, 0), (2, 0, 0, 12), 'ct']] 0.140
 > Model[[(1, 1, 0), (2, 0, 1, 12), 'ct']] 0.144
 > Model[[(1, 1, 0), (1, 1, 2, 12), 'ct']] 0.184
 > Model[[(1, 1, 0), (2, 0, 2, 12), 'ct']] 0.146
 > Model[[(1, 1, 1), (0, 0, 0, 12), 'n']] 0.137
 > Model[[(1, 1, 1), (0, 0, 1, 12), 'n']] 0.132
 > Model[[(1, 1, 0), (2, 1, 0, 12), 'ct']] 0.161
 > Model[[(1, 1, 1), (0, 1, 0, 12), 'n']] 0.213
 > Model[[(1, 1, 1), (0, 0, 2, 12), 'n']] 0.159
 > Model[[(1, 1, 0), (2, 1, 1, 12), 'ct']] 0.149
 > Model[[(1, 1, 1), (1, 0, 0, 12), 'n']] 0.132
 > Model[[(1, 1, 1), (0, 1, 1, 12), 'n']] 0.142
 > Model[[(1, 1, 1), (1, 0, 1, 12), 'n']] 0.136
 > Model[[(1, 1, 1), (1, 1, 0, 12), 'n']] 0.172
 > Model[[(1, 1, 0), (2, 1, 2, 12), 'ct']] 0.162
 > Model[[(1, 1, 1), (1, 0, 2, 12), 'n']] 0.118
 > Model[[(1, 1, 1), (0, 1, 2, 12), 'n']] 0.296
 > Model[[(1, 1, 1), (1, 1, 1, 12), 'n']] 0.139
 > Model[[(1, 1, 1), (2, 0, 0, 12), 'n']] 0.133
 > Model[[(1, 1, 1), (2, 0, 1, 12), 'n']] 0.135
 > Model[[(1, 1, 1), (2, 1, 0, 12), 'n']] 0.151
 > Model[[(1, 1, 1), (1, 1, 2, 12), 'n']] 0.164
 > Model[[(1, 1, 1), (0, 0, 0, 12), 'c']] 0.141
 > Model[[(1, 1, 1), (2, 0, 2, 12), 'n']] 0.133
 > Model[[(1, 1, 1), (0, 0, 1, 12), 'c']] 0.135
 > Model[[(1, 1, 1), (0, 1, 0, 12), 'c']] 0.214
 > Model[[(1, 1, 1), (0, 1, 1, 12), 'c']] 0.144
 > Model[[(1, 1, 1), (2, 1, 1, 12), 'n']] 0.140
 > Model[[(1, 1, 1), (0, 0, 2, 12), 'c']] 0.160
 > Model[[(1, 1, 1), (1, 0, 0, 12), 'c']] 0.135
 > Model[[(1, 1, 1), (1, 0, 1, 12), 'c']] 0.140
 > Model[[(1, 1, 1), (2, 1, 2, 12), 'n']] 0.140
 > Model[[(1, 1, 1), (1, 1, 0, 12), 'c']] 0.173
 > Model[[(1, 1, 1), (1, 0, 2, 12), 'c']] 0.123
 > Model[[(1, 1, 1), (1, 1, 1, 12), 'c']] 0.140
 > Model[[(1, 1, 1), (0, 1, 2, 12), 'c']] 0.297
 > Model[[(1, 1, 1), (2, 0, 0, 12), 'c']] 0.136
 > Model[[(1, 1, 1), (1, 1, 2, 12), 'c']] 0.166
 > Model[[(1, 1, 1), (2, 0, 2, 12), 'c']] 0.138
 > Model[[(1, 1, 1), (2, 0, 1, 12), 'c']] 0.139
 > Model[[(1, 1, 1), (0, 0, 0, 12), 't']] 0.144
 > Model[[(1, 1, 1), (0, 0, 1, 12), 't']] 0.138
 > Model[[(1, 1, 1), (2, 1, 0, 12), 'c']] 0.151
 > Model[[(1, 1, 1), (0, 1, 0, 12), 't']] 0.216
 > Model[[(1, 1, 1), (0, 1, 1, 12), 't']] 0.145
 > Model[[(1, 1, 1), (0, 0, 2, 12), 't']] 0.161
 > Model[[(1, 1, 1), (1, 0, 0, 12), 't']] 0.138
 > Model[[(1, 1, 1), (2, 1, 1, 12), 'c']] 0.142
 > Model[[(1, 1, 1), (1, 0, 1, 12), 't']] 0.138
 > Model[[(1, 1, 1), (2, 1, 2, 12), 'c']] 0.142
 > Model[[(1, 1, 1), (1, 1, 0, 12), 't']] 0.174
 > Model[[(1, 1, 1), (1, 0, 2, 12), 't']] 0.123
 > Model[[(1, 1, 1), (1, 1, 1, 12), 't']] 0.142
 > Model[[(1, 1, 1), (0, 1, 2, 12), 't']] 0.299
 > Model[[(1, 1, 1), (2, 0, 1, 12), 't']] 0.139
 > Model[[(1, 1, 1), (2, 0, 0, 12), 't']] 0.140
 > Model[[(1, 1, 1), (1, 1, 2, 12), 't']] 0.173
 > Model[[(1, 1, 1), (2, 0, 2, 12), 't']] 0.140
 > Model[[(1, 1, 1), (0, 0, 0, 12), 'ct']] 0.143
 > Model[[(1, 1, 1), (0, 0, 1, 12), 'ct']] 0.137
 > Model[[(1, 1, 1), (0, 1, 0, 12), 'ct']] 0.218
 > Model[[(1, 1, 1), (2, 1, 0, 12), 't']] 0.154
 > Model[[(1, 1, 1), (0, 0, 2, 12), 'ct']] 0.160
 > Model[[(1, 1, 1), (0, 1, 1, 12), 'ct']] 0.148
 > Model[[(1, 1, 1), (1, 0, 0, 12), 'ct']] 0.137
 > Model[[(1, 1, 1), (1, 0, 1, 12), 'ct']] 0.137
 > Model[[(1, 1, 1), (2, 1, 2, 12), 't']] 0.149
 > Model[[(1, 1, 1), (1, 1, 0, 12), 'ct']] 0.176
 > Model[[(1, 1, 1), (0, 1, 2, 12), 'ct']] 0.301
 > Model[[(1, 1, 1), (1, 1, 1, 12), 'ct']] 0.148
 > Model[[(1, 1, 1), (1, 0, 2, 12), 'ct']] 0.124
 > Model[[(1, 1, 1), (2, 0, 0, 12), 'ct']] 0.138
 > Model[[(1, 1, 1), (2, 0, 1, 12), 'ct']] 0.139
 > Model[[(1, 1, 1), (2, 0, 2, 12), 'ct']] 0.146
 > Model[[(1, 1, 1), (1, 1, 2, 12), 'ct']] 0.173
 > Model[[(1, 1, 2), (0, 0, 0, 12), 'n']] 0.138
 > Model[[(1, 1, 2), (0, 0, 1, 12), 'n']] 0.132
 > Model[[(1, 1, 2), (0, 0, 2, 12), 'n']] 0.160
 > Model[[(1, 1, 1), (2, 1, 0, 12), 'ct']] 0.153
 > Model[[(1, 1, 2), (0, 1, 0, 12), 'n']] 0.205
 > Model[[(1, 1, 1), (2, 1, 1, 12), 'ct']] 0.141
 > Model[[(1, 1, 2), (0, 1, 1, 12), 'n']] 0.144
 > Model[[(1, 1, 2), (1, 0, 0, 12), 'n']] 0.132
 > Model[[(1, 1, 2), (1, 0, 1, 12), 'n']] 0.137
 > Model[[(1, 1, 1), (2, 1, 2, 12), 'ct']] 0.160
 > Model[[(1, 1, 2), (1, 1, 0, 12), 'n']] 0.177
 > Model[[(1, 1, 2), (0, 1, 2, 12), 'n']] 0.296
 > Model[[(1, 1, 2), (1, 1, 1, 12), 'n']] 0.145
 > Model[[(1, 1, 2), (1, 0, 2, 12), 'n']] 0.116
 > Model[[(1, 1, 2), (2, 0, 0, 12), 'n']] 0.134
 > Model[[(1, 1, 2), (2, 0, 1, 12), 'n']] 0.136
 > Model[[(1, 1, 2), (1, 1, 2, 12), 'n']] 0.165
 > Model[[(1, 1, 2), (2, 1, 0, 12), 'n']] 0.152
 > Model[[(1, 1, 2), (2, 0, 2, 12), 'n']] 0.140
 > Model[[(1, 1, 2), (0, 0, 0, 12), 'c']] 0.139
 > Model[[(1, 1, 2), (0, 0, 1, 12), 'c']] 0.135
 > Model[[(1, 1, 2), (0, 1, 0, 12), 'c']] 0.207
 > Model[[(1, 1, 2), (2, 1, 1, 12), 'n']] 0.142
 > Model[[(1, 1, 2), (0, 1, 1, 12), 'c']] 0.143
 > Model[[(1, 1, 2), (0, 0, 2, 12), 'c']] 0.150
 > Model[[(1, 1, 2), (1, 0, 0, 12), 'c']] 0.135
 > Model[[(1, 1, 2), (2, 1, 2, 12), 'n']] 0.146
 > Model[[(1, 1, 2), (1, 0, 1, 12), 'c']] 0.141
 > Model[[(1, 1, 2), (1, 1, 0, 12), 'c']] 0.181
 > Model[[(1, 1, 2), (0, 1, 2, 12), 'c']] 0.300
 > Model[[(1, 1, 2), (1, 1, 1, 12), 'c']] 0.140
 > Model[[(1, 1, 2), (1, 0, 2, 12), 'c']] 0.126
 > Model[[(1, 1, 2), (2, 0, 0, 12), 'c']] 0.136
 > Model[[(1, 1, 2), (2, 0, 1, 12), 'c']] 0.140
 > Model[[(1, 1, 2), (2, 0, 2, 12), 'c']] 0.141
 > Model[[(1, 1, 2), (1, 1, 2, 12), 'c']] 0.183
 > Model[[(1, 1, 2), (0, 0, 0, 12), 't']] 0.181
 > Model[[(1, 1, 2), (2, 1, 0, 12), 'c']] 0.158
 > Model[[(1, 1, 2), (0, 0, 1, 12), 't']] 0.186
 > Model[[(1, 1, 2), (0, 1, 0, 12), 't']] 0.212
 > Model[[(1, 1, 2), (2, 1, 1, 12), 'c']] 0.141
 > Model[[(1, 1, 2), (0, 1, 1, 12), 't']] 0.140
 > Model[[(1, 1, 2), (1, 0, 0, 12), 't']] 0.189
 > Model[[(1, 1, 2), (1, 0, 1, 12), 't']] 0.189
 > Model[[(1, 1, 2), (0, 0, 2, 12), 't']] 0.171
 > Model[[(1, 1, 2), (1, 1, 0, 12), 't']] 0.170
 > Model[[(1, 1, 2), (0, 1, 2, 12), 't']] 0.330
 > Model[[(1, 1, 2), (1, 1, 1, 12), 't']] 0.136
 > Model[[(1, 1, 2), (2, 1, 2, 12), 'c']] 0.156
 > Model[[(1, 1, 2), (1, 0, 2, 12), 't']] 0.122
 > Model[[(1, 1, 2), (2, 0, 0, 12), 't']] 0.190
 > Model[[(1, 1, 2), (2, 0, 1, 12), 't']] 0.140
 > Model[[(1, 1, 2), (2, 1, 0, 12), 't']] 0.140
 > Model[[(1, 1, 2), (1, 1, 2, 12), 't']] 0.263
 > Model[[(1, 1, 2), (2, 1, 1, 12), 't']] 0.145
 > Model[[(1, 1, 2), (0, 0, 0, 12), 'ct']] 0.144
 > Model[[(1, 1, 2), (2, 0, 2, 12), 't']] 0.148
 > Model[[(1, 1, 2), (0, 0, 1, 12), 'ct']] 0.144
 > Model[[(1, 1, 2), (0, 1, 0, 12), 'ct']] 0.228
 > Model[[(1, 1, 2), (0, 1, 1, 12), 'ct']] 0.215
 > Model[[(1, 1, 2), (1, 0, 0, 12), 'ct']] 0.143
 > Model[[(1, 1, 2), (0, 0, 2, 12), 'ct']] 0.144
 > Model[[(1, 1, 2), (1, 0, 1, 12), 'ct']] 0.136
 > Model[[(1, 1, 2), (2, 1, 2, 12), 't']] 0.230
 > Model[[(1, 1, 2), (1, 1, 0, 12), 'ct']] 0.180
 > Model[[(1, 1, 2), (0, 1, 2, 12), 'ct']] 0.427
 > Model[[(1, 1, 2), (1, 1, 1, 12), 'ct']] 0.170
 > Model[[(1, 1, 2), (2, 0, 0, 12), 'ct']] 0.138
 > Model[[(1, 1, 2), (1, 0, 2, 12), 'ct']] 0.122
 > Model[[(1, 1, 2), (2, 0, 1, 12), 'ct']] 0.142
 > Model[[(1, 1, 2), (2, 1, 0, 12), 'ct']] 0.152
 > Model[[(1, 1, 2), (1, 1, 2, 12), 'ct']] 0.441
 > Model[[(2, 0, 0), (0, 0, 1, 12), 'n']] 0.149
 > Model[[(1, 1, 2), (2, 0, 2, 12), 'ct']] 0.161
 > Model[[(2, 0, 0), (0, 1, 0, 12), 'n']] 0.207
 > Model[[(2, 0, 0), (0, 0, 2, 12), 'n']] 3.812
 > Model[[(1, 1, 2), (2, 1, 1, 12), 'ct']] 0.145
 > Model[[(2, 0, 0), (0, 1, 1, 12), 'n']] 0.146
 > Model[[(2, 0, 0), (1, 0, 1, 12), 'n']] 0.158
 > Model[[(2, 0, 0), (1, 1, 0, 12), 'n']] 0.172
 > Model[[(2, 0, 0), (1, 0, 2, 12), 'n']] 1.582
 > Model[[(2, 0, 0), (0, 1, 2, 12), 'n']] 0.173
 > Model[[(2, 0, 0), (1, 1, 1, 12), 'n']] 0.143
 > Model[[(1, 1, 2), (2, 1, 2, 12), 'ct']] 0.361
 > Model[[(2, 0, 0), (1, 1, 2, 12), 'n']] 0.214
 > Model[[(2, 0, 0), (0, 0, 0, 12), 'c']] 0.141
 > Model[[(2, 0, 0), (2, 1, 0, 12), 'n']] 0.153
 > Model[[(2, 0, 0), (0, 0, 1, 12), 'c']] 0.143
 > Model[[(2, 0, 0), (0, 1, 0, 12), 'c']] 0.207
 > Model[[(2, 0, 0), (0, 0, 2, 12), 'c']] 0.180
 > Model[[(2, 0, 0), (0, 1, 1, 12), 'c']] 0.146
 > Model[[(2, 0, 0), (2, 1, 1, 12), 'n']] 0.144
 > Model[[(2, 0, 0), (1, 0, 0, 12), 'c']] 0.134
 > Model[[(2, 0, 0), (2, 1, 2, 12), 'n']] 0.144
 > Model[[(2, 0, 0), (1, 0, 1, 12), 'c']] 0.141
 > Model[[(2, 0, 0), (1, 1, 0, 12), 'c']] 0.178
 > Model[[(2, 0, 0), (1, 1, 1, 12), 'c']] 0.143
 > Model[[(2, 0, 0), (1, 0, 2, 12), 'c']] 0.281
 > Model[[(2, 0, 0), (0, 1, 2, 12), 'c']] 0.179
 > Model[[(2, 0, 0), (2, 0, 0, 12), 'c']] 0.136
 > Model[[(2, 0, 0), (2, 0, 1, 12), 'c']] 0.137
 > Model[[(2, 0, 0), (1, 1, 2, 12), 'c']] 0.211
 > Model[[(2, 0, 0), (2, 0, 2, 12), 'c']] 0.135
 > Model[[(2, 0, 0), (0, 0, 0, 12), 't']] 0.290
 > Model[[(2, 0, 0), (2, 1, 0, 12), 'c']] 0.156
 > Model[[(2, 0, 0), (0, 0, 1, 12), 't']] 0.291
 > Model[[(2, 0, 0), (0, 1, 0, 12), 't']] 0.214
 > Model[[(2, 0, 0), (0, 0, 2, 12), 't']] 3.809
 > Model[[(2, 0, 0), (0, 1, 1, 12), 't']] 0.160
 > Model[[(2, 0, 0), (2, 1, 1, 12), 'c']] 0.143
 > Model[[(2, 0, 0), (2, 1, 2, 12), 'c']] 0.144
 > Model[[(2, 0, 0), (1, 0, 0, 12), 't']] 0.254
 > Model[[(2, 0, 0), (1, 0, 1, 12), 't']] 0.307
 > Model[[(2, 0, 0), (1, 1, 0, 12), 't']] 0.182
 > Model[[(2, 0, 0), (1, 0, 2, 12), 't']] 1.590
 > Model[[(2, 0, 0), (1, 1, 1, 12), 't']] 0.164
 > Model[[(2, 0, 0), (0, 1, 2, 12), 't']] 0.187
 > Model[[(2, 0, 0), (1, 1, 2, 12), 't']] 0.225
 > Model[[(2, 0, 0), (2, 0, 1, 12), 't']] 0.284
 > Model[[(2, 0, 0), (2, 0, 2, 12), 't']] 0.314
 > Model[[(2, 0, 0), (0, 0, 0, 12), 'ct']] 0.145
 > Model[[(2, 0, 0), (2, 1, 0, 12), 't']] 0.167
 > Model[[(2, 0, 0), (0, 0, 1, 12), 'ct']] 0.151
 > Model[[(2, 0, 0), (0, 1, 0, 12), 'ct']] 0.209
 > Model[[(2, 0, 0), (0, 1, 1, 12), 'ct']] 0.156
 > Model[[(2, 0, 0), (2, 1, 1, 12), 't']] 0.161
 > Model[[(2, 0, 0), (2, 1, 2, 12), 't']] 0.164
 > Model[[(2, 0, 0), (1, 0, 0, 12), 'ct']] 0.144
 > Model[[(2, 0, 0), (0, 0, 2, 12), 'ct']] 0.174
 > Model[[(2, 0, 0), (1, 0, 1, 12), 'ct']] 0.138
 > Model[[(2, 0, 0), (1, 1, 0, 12), 'ct']] 0.178
 > Model[[(2, 0, 0), (0, 1, 2, 12), 'ct']] 0.176
 > Model[[(2, 0, 0), (1, 1, 1, 12), 'ct']] 0.165
 > Model[[(2, 0, 0), (1, 0, 2, 12), 'ct']] 1.637
 > Model[[(2, 0, 0), (2, 0, 0, 12), 'ct']] 0.143
 > Model[[(2, 0, 0), (2, 0, 1, 12), 'ct']] 0.143
 > Model[[(2, 0, 0), (2, 0, 2, 12), 'ct']] 0.139
 > Model[[(2, 0, 0), (1, 1, 2, 12), 'ct']] 0.215
 > Model[[(2, 0, 1), (0, 0, 0, 12), 'n']] 0.155
 > Model[[(2, 0, 1), (0, 0, 1, 12), 'n']] 0.160
 > Model[[(2, 0, 0), (2, 1, 0, 12), 'ct']] 0.151
 > Model[[(2, 0, 1), (0, 1, 0, 12), 'n']] 0.203
 > Model[[(2, 0, 0), (2, 1, 1, 12), 'ct']] 0.157
 > Model[[(2, 0, 1), (0, 0, 2, 12), 'n']] 2.543
 > Model[[(2, 0, 1), (1, 0, 0, 12), 'n']] 0.154
 > Model[[(2, 0, 1), (0, 1, 1, 12), 'n']] 0.143
 > Model[[(2, 0, 1), (1, 0, 1, 12), 'n']] 0.156
 > Model[[(2, 0, 0), (2, 1, 2, 12), 'ct']] 0.157
 > Model[[(2, 0, 1), (1, 1, 0, 12), 'n']] 0.168
 > Model[[(2, 0, 1), (0, 1, 2, 12), 'n']] 0.170
 > Model[[(2, 0, 1), (1, 0, 2, 12), 'n']] 1.233
 > Model[[(2, 0, 1), (1, 1, 1, 12), 'n']] 0.139
 > Model[[(2, 0, 1), (2, 0, 0, 12), 'n']] 0.154
 > Model[[(2, 0, 1), (2, 0, 1, 12), 'n']] 0.154
 > Model[[(2, 0, 1), (1, 1, 2, 12), 'n']] 0.206
 > Model[[(2, 0, 1), (2, 0, 2, 12), 'n']] 0.155
 > Model[[(2, 0, 1), (0, 0, 0, 12), 'c']] 0.137
 > Model[[(2, 0, 1), (2, 1, 0, 12), 'n']] 0.149
 > Model[[(2, 0, 1), (0, 0, 1, 12), 'c']] 0.144
 > Model[[(2, 0, 1), (0, 1, 0, 12), 'c']] 0.204
 > Model[[(2, 0, 1), (0, 0, 2, 12), 'c']] 4.846
 > Model[[(2, 0, 1), (2, 1, 1, 12), 'n']] 0.139
 > Model[[(2, 0, 1), (0, 1, 1, 12), 'c']] 0.144
 > Model[[(2, 0, 1), (2, 1, 2, 12), 'n']] 0.141
 > Model[[(2, 0, 1), (1, 0, 0, 12), 'c']] 0.132
 > Model[[(2, 0, 1), (1, 0, 1, 12), 'c']] 0.135
 > Model[[(2, 0, 1), (1, 1, 0, 12), 'c']] 0.175
 > Model[[(2, 0, 1), (0, 1, 2, 12), 'c']] 0.179
 > Model[[(2, 0, 1), (1, 1, 1, 12), 'c']] 0.142
 > Model[[(2, 0, 1), (1, 0, 2, 12), 'c']] 0.210
 > Model[[(2, 0, 1), (2, 0, 0, 12), 'c']] 0.134
 > Model[[(2, 0, 1), (2, 0, 1, 12), 'c']] 0.134
 > Model[[(2, 0, 1), (1, 1, 2, 12), 'c']] 0.241
 > Model[[(2, 0, 1), (2, 0, 2, 12), 'c']] 0.134
 > Model[[(2, 0, 1), (0, 0, 0, 12), 't']] 0.169
 > Model[[(2, 0, 1), (0, 0, 1, 12), 't']] 0.184
 > Model[[(2, 0, 1), (2, 1, 0, 12), 'c']] 0.153
 > Model[[(2, 0, 1), (0, 1, 0, 12), 't']] 0.211
 > Model[[(2, 0, 1), (2, 1, 1, 12), 'c']] 0.143
 > Model[[(2, 0, 1), (0, 1, 1, 12), 't']] 0.156
 > Model[[(2, 0, 1), (0, 0, 2, 12), 't']] 2.551
 > Model[[(2, 0, 1), (2, 1, 2, 12), 'c']] 0.142
 > Model[[(2, 0, 1), (1, 0, 0, 12), 't']] 0.179
 > Model[[(2, 0, 1), (1, 0, 1, 12), 't']] 0.184
 > Model[[(2, 0, 1), (1, 1, 0, 12), 't']] 0.183
 > Model[[(2, 0, 1), (0, 1, 2, 12), 't']] 0.181
 > Model[[(2, 0, 1), (1, 1, 1, 12), 't']] 0.162
 > Model[[(2, 0, 1), (1, 1, 2, 12), 't']] 0.216
 > Model[[(2, 0, 1), (0, 0, 0, 12), 'ct']] 0.144
 > Model[[(2, 0, 1), (0, 0, 1, 12), 'ct']] 0.150
 > Model[[(2, 0, 1), (2, 1, 0, 12), 't']] 0.181
 > Model[[(2, 0, 1), (2, 1, 1, 12), 't']] 0.148
 > Model[[(2, 0, 1), (0, 1, 0, 12), 'ct']] 0.206
 > Model[[(2, 0, 1), (2, 1, 2, 12), 't']] 0.159
 > Model[[(2, 0, 1), (0, 0, 2, 12), 'ct']] 0.193
 > Model[[(2, 0, 1), (0, 1, 1, 12), 'ct']] 0.145
 > Model[[(2, 0, 1), (1, 0, 0, 12), 'ct']] 0.144
 > Model[[(2, 0, 1), (1, 0, 1, 12), 'ct']] 0.135
 > Model[[(2, 0, 1), (1, 1, 0, 12), 'ct']] 0.173
 > Model[[(2, 0, 1), (1, 1, 1, 12), 'ct']] 0.156
 > Model[[(2, 0, 1), (0, 1, 2, 12), 'ct']] 0.173
 > Model[[(2, 0, 1), (1, 0, 2, 12), 'ct']] 1.030
 > Model[[(2, 0, 1), (2, 0, 0, 12), 'ct']] 0.144
 > Model[[(2, 0, 1), (2, 0, 2, 12), 'ct']] 0.140
 > Model[[(2, 0, 1), (2, 0, 1, 12), 'ct']] 0.138
 > Model[[(2, 0, 1), (1, 1, 2, 12), 'ct']] 0.192
 > Model[[(2, 0, 2), (0, 0, 0, 12), 'n']] 0.135
 > Model[[(2, 0, 2), (0, 0, 1, 12), 'n']] 0.137
 > Model[[(2, 0, 1), (2, 1, 0, 12), 'ct']] 0.163
 > Model[[(2, 0, 2), (0, 1, 0, 12), 'n']] 0.202
 > Model[[(2, 0, 1), (2, 1, 1, 12), 'ct']] 0.155
 > Model[[(2, 0, 1), (2, 1, 2, 12), 'ct']] 0.144
 > Model[[(2, 0, 2), (0, 0, 2, 12), 'n']] 30.197
 > Model[[(2, 0, 2), (0, 1, 1, 12), 'n']] 0.165
 > Model[[(2, 0, 2), (1, 0, 1, 12), 'n']] 0.135
 > Model[[(2, 0, 2), (1, 1, 0, 12), 'n']] 0.204
 > Model[[(2, 0, 2), (1, 1, 1, 12), 'n']] 0.146
 > Model[[(2, 0, 2), (1, 0, 2, 12), 'n']] 15.561
 > Model[[(2, 0, 2), (0, 1, 2, 12), 'n']] 0.457
 > Model[[(2, 0, 2), (2, 0, 0, 12), 'n']] 0.130
 > Model[[(2, 0, 2), (2, 0, 1, 12), 'n']] 0.131
 > Model[[(2, 0, 2), (1, 1, 2, 12), 'n']] 0.549
 > Model[[(2, 0, 2), (2, 0, 2, 12), 'n']] 0.134
 > Model[[(2, 0, 2), (0, 0, 0, 12), 'c']] 0.138
 > Model[[(2, 0, 2), (0, 0, 1, 12), 'c']] 0.132
 > Model[[(2, 0, 2), (2, 1, 0, 12), 'n']] 0.149
 > Model[[(2, 0, 2), (0, 1, 0, 12), 'c']] 0.210
 > Model[[(2, 0, 2), (2, 1, 1, 12), 'n']] 0.169
 > Model[[(2, 0, 2), (0, 1, 1, 12), 'c']] 0.177
 > Model[[(2, 0, 2), (1, 0, 0, 12), 'c']] 0.132
 > Model[[(2, 0, 2), (0, 0, 2, 12), 'c']] 0.167
 > Model[[(2, 0, 2), (2, 1, 2, 12), 'n']] 0.161
 > Model[[(2, 0, 2), (1, 1, 0, 12), 'c']] 0.171
 > Model[[(2, 0, 2), (0, 1, 2, 12), 'c']] 0.283
 > Model[[(2, 0, 2), (1, 1, 1, 12), 'c']] 0.143
 > Model[[(2, 0, 2), (1, 0, 2, 12), 'c']] 2.159
 > Model[[(2, 0, 2), (2, 0, 0, 12), 'c']] 0.133
 > Model[[(2, 0, 2), (2, 0, 1, 12), 'c']] 0.135
 > Model[[(2, 0, 2), (1, 1, 2, 12), 'c']] 0.517
 > Model[[(2, 0, 2), (2, 1, 0, 12), 'c']] 0.154
 > Model[[(2, 0, 2), (2, 0, 2, 12), 'c']] 0.146
 > Model[[(2, 0, 2), (0, 0, 0, 12), 't']] 0.149
 > Model[[(2, 0, 2), (0, 0, 1, 12), 't']] 0.159
 > Model[[(2, 0, 2), (2, 1, 1, 12), 'c']] 0.157
 > Model[[(2, 0, 2), (0, 1, 0, 12), 't']] 0.258
 > Model[[(2, 0, 2), (0, 1, 1, 12), 't']] 0.231
 > Model[[(2, 0, 2), (0, 0, 2, 12), 't']] 51.073
 > Model[[(2, 0, 2), (1, 0, 1, 12), 't']] 0.180
 > Model[[(2, 0, 2), (2, 1, 2, 12), 'c']] 0.160
 > Model[[(2, 0, 2), (1, 1, 0, 12), 't']] 0.261
 > Model[[(2, 0, 2), (0, 1, 2, 12), 't']] 0.388
 > Model[[(2, 0, 2), (1, 1, 1, 12), 't']] 0.245
 > Model[[(2, 0, 2), (1, 0, 2, 12), 't']] 51.026
 > Model[[(2, 0, 2), (2, 0, 0, 12), 't']] 0.176
 > Model[[(2, 0, 2), (2, 0, 1, 12), 't']] 0.176
 > Model[[(2, 0, 2), (1, 1, 2, 12), 't']] 0.534
 > Model[[(2, 0, 2), (2, 0, 2, 12), 't']] 0.155
 > Model[[(2, 0, 2), (0, 0, 0, 12), 'ct']] 0.143
 > Model[[(2, 0, 2), (2, 1, 0, 12), 't']] 0.217
 > Model[[(2, 0, 2), (2, 1, 1, 12), 't']] 0.203
 > Model[[(2, 0, 2), (0, 0, 1, 12), 'ct']] 0.149
 > Model[[(2, 0, 2), (0, 1, 0, 12), 'ct']] 0.275
 > Model[[(2, 0, 2), (0, 1, 1, 12), 'ct']] 0.218
 > Model[[(2, 0, 2), (1, 0, 0, 12), 'ct']] 0.141
 > Model[[(2, 0, 2), (0, 0, 2, 12), 'ct']] 0.385
 > Model[[(2, 0, 2), (2, 1, 2, 12), 't']] 0.213
 > Model[[(2, 0, 2), (1, 0, 1, 12), 'ct']] 0.141
 > Model[[(2, 0, 2), (1, 1, 0, 12), 'ct']] 0.242
 > Model[[(2, 0, 2), (1, 1, 1, 12), 'ct']] 0.203
 > Model[[(2, 0, 2), (0, 1, 2, 12), 'ct']] 2.503
 > Model[[(2, 0, 2), (1, 0, 2, 12), 'ct']] 1.590
 > Model[[(2, 0, 2), (2, 0, 0, 12), 'ct']] 0.141
 > Model[[(2, 0, 2), (2, 0, 1, 12), 'ct']] 0.137
 > Model[[(2, 0, 2), (1, 1, 2, 12), 'ct']] 0.520
 > Model[[(2, 0, 2), (2, 1, 0, 12), 'ct']] 0.203
 > Model[[(2, 1, 0), (0, 0, 0, 12), 'n']] 0.135
 > Model[[(2, 1, 0), (0, 0, 1, 12), 'n']] 0.131
 > Model[[(2, 0, 2), (2, 0, 2, 12), 'ct']] 0.139
 > Model[[(2, 1, 0), (0, 1, 0, 12), 'n']] 0.209
 > Model[[(2, 1, 0), (0, 1, 1, 12), 'n']] 0.141
 > Model[[(2, 1, 0), (0, 0, 2, 12), 'n']] 0.158
 > Model[[(2, 1, 0), (1, 0, 0, 12), 'n']] 0.131
 > Model[[(2, 0, 2), (2, 1, 1, 12), 'ct']] 0.198
 > Model[[(2, 1, 0), (1, 0, 1, 12), 'n']] 0.135
 > Model[[(2, 1, 0), (1, 1, 0, 12), 'n']] 0.170
 > Model[[(2, 1, 0), (0, 1, 2, 12), 'n']] 0.293
 > Model[[(2, 1, 0), (1, 0, 2, 12), 'n']] 0.114
 > Model[[(2, 1, 0), (2, 0, 0, 12), 'n']] 0.132
 > Model[[(2, 1, 0), (1, 1, 1, 12), 'n']] 0.139
 > Model[[(2, 1, 0), (2, 0, 1, 12), 'n']] 0.134
 > Model[[(2, 1, 0), (2, 0, 2, 12), 'n']] 0.141
 > Model[[(2, 1, 0), (1, 1, 2, 12), 'n']] 0.159
 > Model[[(2, 1, 0), (2, 1, 0, 12), 'n']] 0.149
 > Model[[(2, 0, 2), (2, 1, 2, 12), 'ct']] 0.229
 > Model[[(2, 1, 0), (0, 0, 0, 12), 'c']] 0.140
 > Model[[(2, 1, 0), (0, 0, 1, 12), 'c']] 0.134
 > Model[[(2, 1, 0), (0, 1, 0, 12), 'c']] 0.210
 > Model[[(2, 1, 0), (0, 0, 2, 12), 'c']] 0.158
 > Model[[(2, 1, 0), (0, 1, 1, 12), 'c']] 0.143
 > Model[[(2, 1, 0), (2, 1, 1, 12), 'n']] 0.140
 > Model[[(2, 1, 0), (1, 0, 0, 12), 'c']] 0.134
 > Model[[(2, 1, 0), (2, 1, 2, 12), 'n']] 0.140
 > Model[[(2, 1, 0), (1, 0, 1, 12), 'c']] 0.139
 > Model[[(2, 1, 0), (1, 1, 0, 12), 'c']] 0.170
 > Model[[(2, 1, 0), (1, 0, 2, 12), 'c']] 0.120
 > Model[[(2, 1, 0), (0, 1, 2, 12), 'c']] 0.293
 > Model[[(2, 1, 0), (1, 1, 1, 12), 'c']] 0.140
 > Model[[(2, 1, 0), (2, 0, 0, 12), 'c']] 0.135
 > Model[[(2, 1, 0), (2, 0, 2, 12), 'c']] 0.139
 > Model[[(2, 1, 0), (1, 1, 2, 12), 'c']] 0.158
 > Model[[(2, 1, 0), (2, 0, 1, 12), 'c']] 0.139
 > Model[[(2, 1, 0), (0, 0, 0, 12), 't']] 0.143
 > Model[[(2, 1, 0), (0, 0, 1, 12), 't']] 0.137
 > Model[[(2, 1, 0), (2, 1, 0, 12), 'c']] 0.150
 > Model[[(2, 1, 0), (0, 1, 0, 12), 't']] 0.212
 > Model[[(2, 1, 0), (0, 1, 1, 12), 't']] 0.141
 > Model[[(2, 1, 0), (0, 0, 2, 12), 't']] 0.161
 > Model[[(2, 1, 0), (1, 0, 0, 12), 't']] 0.137
 > Model[[(2, 1, 0), (1, 0, 1, 12), 't']] 0.136
 > Model[[(2, 1, 0), (2, 1, 2, 12), 'c']] 0.143
 > Model[[(2, 1, 0), (2, 1, 1, 12), 'c']] 0.142
 > Model[[(2, 1, 0), (0, 1, 2, 12), 't']] 0.296
 > Model[[(2, 1, 0), (1, 0, 2, 12), 't']] 0.124
 > Model[[(2, 1, 0), (1, 1, 0, 12), 't']] 0.170
 > Model[[(2, 1, 0), (1, 1, 1, 12), 't']] 0.140
 > Model[[(2, 1, 0), (2, 0, 0, 12), 't']] 0.138
 > Model[[(2, 1, 0), (2, 0, 1, 12), 't']] 0.139
 > Model[[(2, 1, 0), (1, 1, 2, 12), 't']] 0.169
 > Model[[(2, 1, 0), (2, 0, 2, 12), 't']] 0.141
 > Model[[(2, 1, 0), (0, 0, 0, 12), 'ct']] 0.141
 > Model[[(2, 1, 0), (0, 0, 1, 12), 'ct']] 0.134
 > Model[[(2, 1, 0), (2, 1, 0, 12), 't']] 0.148
 > Model[[(2, 1, 0), (0, 1, 0, 12), 'ct']] 0.215
 > Model[[(2, 1, 0), (2, 1, 1, 12), 't']] 0.142
 > Model[[(2, 1, 0), (0, 0, 2, 12), 'ct']] 0.159
 > Model[[(2, 1, 0), (1, 0, 0, 12), 'ct']] 0.136
 > Model[[(2, 1, 0), (0, 1, 1, 12), 'ct']] 0.143
 > Model[[(2, 1, 0), (1, 0, 1, 12), 'ct']] 0.133
 > Model[[(2, 1, 0), (2, 1, 2, 12), 't']] 0.145
 > Model[[(2, 1, 0), (1, 1, 0, 12), 'ct']] 0.167
 > Model[[(2, 1, 0), (1, 0, 2, 12), 'ct']] 0.122
 > Model[[(2, 1, 0), (0, 1, 2, 12), 'ct']] 0.298
 > Model[[(2, 1, 0), (1, 1, 1, 12), 'ct']] 0.144
 > Model[[(2, 1, 0), (2, 0, 0, 12), 'ct']] 0.138
 > Model[[(2, 1, 0), (2, 0, 1, 12), 'ct']] 0.138
 > Model[[(2, 1, 0), (2, 0, 2, 12), 'ct']] 0.142
 > Model[[(2, 1, 0), (1, 1, 2, 12), 'ct']] 0.172
 > Model[[(2, 1, 1), (0, 0, 0, 12), 'n']] 0.135
 > Model[[(2, 1, 1), (0, 0, 1, 12), 'n']] 0.131
 > Model[[(2, 1, 0), (2, 1, 1, 12), 'ct']] 0.141
 > Model[[(2, 1, 0), (2, 1, 0, 12), 'ct']] 0.152
 > Model[[(2, 1, 1), (0, 0, 2, 12), 'n']] 0.159
 > Model[[(2, 1, 1), (0, 1, 0, 12), 'n']] 0.207
 > Model[[(2, 1, 1), (1, 0, 0, 12), 'n']] 0.131
 > Model[[(2, 1, 1), (0, 1, 1, 12), 'n']] 0.139
 > Model[[(2, 1, 1), (1, 0, 1, 12), 'n']] 0.135
 > Model[[(2, 1, 1), (1, 1, 0, 12), 'n']] 0.168
 > Model[[(2, 1, 0), (2, 1, 2, 12), 'ct']] 0.157
 > Model[[(2, 1, 1), (1, 0, 2, 12), 'n']] 0.114
 > Model[[(2, 1, 1), (0, 1, 2, 12), 'n']] 0.292
 > Model[[(2, 1, 1), (1, 1, 1, 12), 'n']] 0.139
 > Model[[(2, 1, 1), (2, 0, 0, 12), 'n']] 0.132
 > Model[[(2, 1, 1), (2, 0, 1, 12), 'n']] 0.134
 > Model[[(2, 1, 1), (2, 0, 2, 12), 'n']] 0.140
 > Model[[(2, 1, 1), (1, 1, 2, 12), 'n']] 0.158
 > Model[[(2, 1, 1), (0, 0, 0, 12), 'c']] 0.138
 > Model[[(2, 1, 1), (2, 1, 0, 12), 'n']] 0.149
 > Model[[(2, 1, 1), (0, 0, 1, 12), 'c']] 0.134
 > Model[[(2, 1, 1), (0, 1, 0, 12), 'c']] 0.208
 > Model[[(2, 1, 1), (0, 0, 2, 12), 'c']] 0.166
 > Model[[(2, 1, 1), (2, 1, 1, 12), 'n']] 0.139
 > Model[[(2, 1, 1), (0, 1, 1, 12), 'c']] 0.141
 > Model[[(2, 1, 1), (1, 0, 0, 12), 'c']] 0.135
 > Model[[(2, 1, 1), (1, 0, 1, 12), 'c']] 0.136
 > Model[[(2, 1, 1), (2, 1, 2, 12), 'n']] 0.140
 > Model[[(2, 1, 1), (1, 1, 0, 12), 'c']] 0.168
 > Model[[(2, 1, 1), (1, 1, 1, 12), 'c']] 0.139
 > Model[[(2, 1, 1), (1, 0, 2, 12), 'c']] 0.137
 > Model[[(2, 1, 1), (0, 1, 2, 12), 'c']] 0.293
 > Model[[(2, 1, 1), (2, 0, 0, 12), 'c']] 0.136
 > Model[[(2, 1, 1), (2, 0, 1, 12), 'c']] 0.138
 > Model[[(2, 1, 1), (2, 0, 2, 12), 'c']] 0.151
 > Model[[(2, 1, 1), (1, 1, 2, 12), 'c']] 0.161
 > Model[[(2, 1, 1), (0, 0, 0, 12), 't']] 0.142
 > Model[[(2, 1, 1), (0, 0, 1, 12), 't']] 0.137
 > Model[[(2, 1, 1), (0, 0, 2, 12), 't']] 0.167
 > Model[[(2, 1, 1), (2, 1, 0, 12), 'c']] 0.152
 > Model[[(2, 1, 1), (0, 1, 0, 12), 't']] 0.208
 > Model[[(2, 1, 1), (2, 1, 1, 12), 'c']] 0.143
 > Model[[(2, 1, 1), (0, 1, 1, 12), 't']] 0.139
 > Model[[(2, 1, 1), (1, 0, 0, 12), 't']] 0.137
 > Model[[(2, 1, 1), (1, 0, 1, 12), 't']] 0.137
 > Model[[(2, 1, 1), (2, 1, 2, 12), 'c']] 0.141
 > Model[[(2, 1, 1), (1, 1, 0, 12), 't']] 0.165
 > Model[[(2, 1, 1), (0, 1, 2, 12), 't']] 0.295
 > Model[[(2, 1, 1), (1, 1, 1, 12), 't']] 0.140
 > Model[[(2, 1, 1), (1, 0, 2, 12), 't']] 0.139
 > Model[[(2, 1, 1), (2, 0, 0, 12), 't']] 0.139
 > Model[[(2, 1, 1), (2, 0, 1, 12), 't']] 0.141
 > Model[[(2, 1, 1), (2, 0, 2, 12), 't']] 0.151
 > Model[[(2, 1, 1), (1, 1, 2, 12), 't']] 0.169
 > Model[[(2, 1, 1), (0, 0, 0, 12), 'ct']] 0.139
 > Model[[(2, 1, 1), (0, 0, 1, 12), 'ct']] 0.134
 > Model[[(2, 1, 1), (2, 1, 0, 12), 't']] 0.145
 > Model[[(2, 1, 1), (2, 1, 1, 12), 't']] 0.144
 > Model[[(2, 1, 1), (0, 1, 0, 12), 'ct']] 0.212
 > Model[[(2, 1, 1), (0, 0, 2, 12), 'ct']] 0.165
 > Model[[(2, 1, 1), (0, 1, 1, 12), 'ct']] 0.141
 > Model[[(2, 1, 1), (1, 0, 0, 12), 'ct']] 0.133
 > Model[[(2, 1, 1), (1, 0, 1, 12), 'ct']] 0.131
 > Model[[(2, 1, 1), (2, 1, 2, 12), 't']] 0.150
 > Model[[(2, 1, 1), (1, 1, 0, 12), 'ct']] 0.168
 > Model[[(2, 1, 1), (0, 1, 2, 12), 'ct']] 0.306
 > Model[[(2, 1, 1), (1, 0, 2, 12), 'ct']] 0.137
 > Model[[(2, 1, 1), (1, 1, 1, 12), 'ct']] 0.133
 > Model[[(2, 1, 1), (2, 0, 0, 12), 'ct']] 0.135
 > Model[[(2, 1, 1), (2, 0, 1, 12), 'ct']] 0.136
 > Model[[(2, 1, 1), (2, 0, 2, 12), 'ct']] 0.153
 > Model[[(2, 1, 1), (1, 1, 2, 12), 'ct']] 0.173
 > Model[[(2, 1, 2), (0, 0, 0, 12), 'n']] 0.138
 > Model[[(2, 1, 2), (0, 0, 1, 12), 'n']] 0.133
 > Model[[(2, 1, 1), (2, 1, 0, 12), 'ct']] 0.144
 > Model[[(2, 1, 2), (0, 1, 0, 12), 'n']] 0.212
 > Model[[(2, 1, 2), (0, 0, 2, 12), 'n']] 0.137
 > Model[[(2, 1, 1), (2, 1, 1, 12), 'ct']] 0.151
 > Model[[(2, 1, 2), (1, 0, 0, 12), 'n']] 0.133
 > Model[[(2, 1, 2), (0, 1, 1, 12), 'n']] 0.140
 > Model[[(2, 1, 2), (1, 0, 1, 12), 'n']] 0.138
 > Model[[(2, 1, 1), (2, 1, 2, 12), 'ct']] 0.145
 > Model[[(2, 1, 2), (1, 1, 0, 12), 'n']] 0.168
 > Model[[(2, 1, 2), (0, 1, 2, 12), 'n']] 0.290
 > Model[[(2, 1, 2), (1, 1, 1, 12), 'n']] 0.139
 > Model[[(2, 1, 2), (1, 0, 2, 12), 'n']] 0.142
 > Model[[(2, 1, 2), (2, 0, 0, 12), 'n']] 0.135
 > Model[[(2, 1, 2), (2, 0, 1, 12), 'n']] 0.136
 > Model[[(2, 1, 2), (1, 1, 2, 12), 'n']] 0.162
 > Model[[(2, 1, 2), (2, 0, 2, 12), 'n']] 0.428
 > Model[[(2, 1, 2), (0, 0, 0, 12), 'c']] 0.142
 > Model[[(2, 1, 2), (2, 1, 0, 12), 'n']] 0.150
 > Model[[(2, 1, 2), (0, 0, 1, 12), 'c']] 0.134
 > Model[[(2, 1, 2), (0, 1, 0, 12), 'c']] 0.214
 > Model[[(2, 1, 2), (2, 1, 1, 12), 'n']] 0.140
 > Model[[(2, 1, 2), (0, 1, 1, 12), 'c']] 0.141
 > Model[[(2, 1, 2), (0, 0, 2, 12), 'c']] 0.161
 > Model[[(2, 1, 2), (1, 0, 0, 12), 'c']] 0.134
 > Model[[(2, 1, 2), (2, 1, 2, 12), 'n']] 0.140
 > Model[[(2, 1, 2), (1, 0, 1, 12), 'c']] 0.137
 > Model[[(2, 1, 2), (1, 1, 0, 12), 'c']] 0.168
 > Model[[(2, 1, 2), (1, 1, 1, 12), 'c']] 0.139
 > Model[[(2, 1, 2), (0, 1, 2, 12), 'c']] 0.293
 > Model[[(2, 1, 2), (1, 0, 2, 12), 'c']] 0.135
 > Model[[(2, 1, 2), (2, 0, 0, 12), 'c']] 0.132
 > Model[[(2, 1, 2), (2, 0, 1, 12), 'c']] 0.137
 > Model[[(2, 1, 2), (1, 1, 2, 12), 'c']] 0.176
 > Model[[(2, 1, 2), (2, 0, 2, 12), 'c']] 0.324
 > Model[[(2, 1, 2), (0, 0, 0, 12), 't']] 0.144
 > Model[[(2, 1, 2), (0, 0, 1, 12), 't']] 0.151
 > Model[[(2, 1, 2), (2, 1, 0, 12), 'c']] 0.152
 > Model[[(2, 1, 2), (0, 1, 0, 12), 't']] 0.211
 > Model[[(2, 1, 2), (0, 1, 1, 12), 't']] 0.136
 > Model[[(2, 1, 2), (2, 1, 1, 12), 'c']] 0.138
 > Model[[(2, 1, 2), (1, 0, 0, 12), 't']] 0.139
 > Model[[(2, 1, 2), (1, 0, 1, 12), 't']] 0.139
 > Model[[(2, 1, 2), (0, 0, 2, 12), 't']] 0.176
 > Model[[(2, 1, 2), (2, 1, 2, 12), 'c']] 0.155
 > Model[[(2, 1, 2), (1, 1, 0, 12), 't']] 0.168
 > Model[[(2, 1, 2), (1, 1, 1, 12), 't']] 0.137
 > Model[[(2, 1, 2), (1, 0, 2, 12), 't']] 0.164
 > Model[[(2, 1, 2), (0, 1, 2, 12), 't']] 0.319
 > Model[[(2, 1, 2), (2, 0, 0, 12), 't']] 0.148
 > Model[[(2, 1, 2), (2, 0, 1, 12), 't']] 0.144
 > Model[[(2, 1, 2), (1, 1, 2, 12), 't']] 0.263
 > Model[[(2, 1, 2), (2, 0, 2, 12), 't']] 0.191
 > Model[[(2, 1, 2), (0, 0, 0, 12), 'ct']] 0.147
 > Model[[(2, 1, 2), (2, 1, 0, 12), 't']] 0.144
 > Model[[(2, 1, 2), (0, 0, 1, 12), 'ct']] 0.176
 > Model[[(2, 1, 2), (0, 1, 0, 12), 'ct']] 0.214
 > Model[[(2, 1, 2), (2, 1, 1, 12), 't']] 0.144
 > Model[[(2, 1, 2), (0, 1, 1, 12), 'ct']] 0.208
 > Model[[(2, 1, 2), (0, 0, 2, 12), 'ct']] 0.156
 > Model[[(2, 1, 2), (1, 0, 0, 12), 'ct']] 0.141
 > Model[[(2, 1, 2), (2, 1, 2, 12), 't']] 0.242
 > Model[[(2, 1, 2), (1, 0, 1, 12), 'ct']] 0.173
 > Model[[(2, 1, 2), (1, 1, 0, 12), 'ct']] 0.204
 > Model[[(2, 1, 2), (1, 1, 1, 12), 'ct']] 0.187
 > Model[[(2, 1, 2), (1, 0, 2, 12), 'ct']] 0.128
 > Model[[(2, 1, 2), (0, 1, 2, 12), 'ct']] 0.412
 > Model[[(2, 1, 2), (2, 0, 0, 12), 'ct']] 0.176
 > Model[[(2, 1, 2), (2, 0, 1, 12), 'ct']] 0.144
 > Model[[(2, 1, 2), (1, 1, 2, 12), 'ct']] 0.291
 > Model[[(2, 1, 2), (2, 0, 2, 12), 'ct']] 0.174
 > Model[[(2, 1, 2), (2, 1, 0, 12), 'ct']] 0.208
 > Model[[(2, 1, 2), (2, 1, 1, 12), 'ct']] 0.170
 > Model[[(2, 1, 2), (2, 1, 2, 12), 'ct']] 0.400
done
[(2, 1, 1), (1, 0, 2, 12), 'n'] 0.1139073222112812
[(2, 1, 0), (1, 0, 2, 12), 'n'] 0.11442792347799695
[(0, 1, 1), (1, 0, 2, 12), 'n'] 0.1151423256381464
